2,25
0 1 
1 0 

3,25
0 1 0 
1 0 0 
0 0 0 

4,25
0 1 1 0 
1 0 0 0 
1 0 0 0 
0 0 0 0 

5,25
0 0 1 1 1 
0 0 0 0 0 
1 0 0 0 0 
1 0 0 0 0 
1 0 0 0 0 

6,25
0 1 0 0 0 1 
1 0 1 1 0 0 
0 1 0 0 0 0 
0 1 0 0 0 0 
0 0 0 0 0 0 
1 0 0 0 0 0 

7,25
0 1 1 1 1 0 0 
1 0 0 1 1 0 0 
1 0 0 0 0 0 0 
1 1 0 0 0 0 0 
1 1 0 0 0 0 0 
0 0 0 0 0 0 0 
0 0 0 0 0 0 0 

8,25
0 1 1 1 0 1 0 1 
1 0 0 1 1 0 0 0 
1 0 0 0 0 0 0 0 
1 1 0 0 0 0 0 0 
0 1 0 0 0 0 0 0 
1 0 0 0 0 0 0 0 
0 0 0 0 0 0 0 0 
1 0 0 0 0 0 0 0 

9,25
0 1 1 0 0 1 1 0 0 
1 0 0 0 0 0 0 0 1 
1 0 0 1 1 1 0 0 1 
0 0 1 0 0 0 0 0 0 
0 0 1 0 0 0 0 0 0 
1 0 1 0 0 0 0 0 0 
1 0 0 0 0 0 0 0 0 
0 0 0 0 0 0 0 0 0 
0 1 1 0 0 0 0 0 0 

10,25
0 1 1 0 0 0 0 1 0 1 
1 0 0 1 1 0 1 1 1 1 
1 0 0 1 1 0 0 0 0 0 
0 1 1 0 0 0 0 0 0 0 
0 1 1 0 0 0 0 0 0 0 
0 0 0 0 0 0 0 0 0 0 
0 1 0 0 0 0 0 0 0 0 
1 1 0 0 0 0 0 0 0 0 
0 1 0 0 0 0 0 0 0 0 
1 1 0 0 0 0 0 0 0 0 

11,25
0 1 1 1 0 0 0 1 1 1 1 
1 0 1 1 0 0 0 1 0 1 0 
1 1 0 1 1 1 0 0 0 0 0 
1 1 1 0 0 0 0 0 0 0 0 
0 0 1 0 0 0 0 0 0 0 0 
0 0 1 0 0 0 0 0 0 0 0 
0 0 0 0 0 0 0 0 0 0 0 
1 1 0 0 0 0 0 0 0 0 0 
1 0 0 0 0 0 0 0 0 0 0 
1 1 0 0 0 0 0 0 0 0 0 
1 0 0 0 0 0 0 0 0 0 0 

12,25
0 0 1 1 1 1 0 0 1 0 1 0 
0 0 1 1 0 1 1 1 0 1 0 0 
1 1 0 0 1 0 0 0 0 0 1 1 
1 1 0 0 1 1 0 0 0 0 0 0 
1 0 1 1 0 0 0 0 0 0 0 0 
1 1 0 1 0 0 0 0 0 0 0 0 
0 1 0 0 0 0 0 0 0 0 0 0 
0 1 0 0 0 0 0 0 0 0 0 0 
1 0 0 0 0 0 0 0 0 0 0 0 
0 1 0 0 0 0 0 0 0 0 0 0 
1 0 1 0 0 0 0 0 0 0 0 0 
0 0 1 0 0 0 0 0 0 0 0 0 

13,25
0 1 1 1 0 1 0 1 0 0 1 1 1 
1 0 1 0 0 1 0 1 1 0 0 0 0 
1 1 0 0 1 0 0 1 0 0 0 0 1 
1 0 0 0 1 1 1 0 1 1 0 0 0 
0 0 1 1 0 0 0 0 0 0 0 0 0 
1 1 0 1 0 0 0 0 0 0 0 0 0 
0 0 0 1 0 0 0 0 0 0 0 0 0 
1 1 1 0 0 0 0 0 0 0 0 0 0 
0 1 0 1 0 0 0 0 0 0 0 0 0 
0 0 0 1 0 0 0 0 0 0 0 0 0 
1 0 0 0 0 0 0 0 0 0 0 0 0 
1 0 0 0 0 0 0 0 0 0 0 0 0 
1 0 1 0 0 0 0 0 0 0 0 0 0 

14,25
0 1 0 1 1 1 0 1 1 1 0 1 1 1 
1 0 0 0 1 0 1 1 1 1 0 1 0 1 
0 0 0 0 1 0 1 0 1 0 0 1 0 1 
1 0 0 0 0 1 0 0 0 0 0 0 0 0 
1 1 1 0 0 0 0 0 0 0 0 0 0 0 
1 0 0 1 0 0 0 0 0 0 0 0 0 0 
0 1 1 0 0 0 0 0 0 0 0 0 0 0 
1 1 0 0 0 0 0 0 0 0 0 0 0 0 
1 1 1 0 0 0 0 0 0 0 0 0 0 0 
1 1 0 0 0 0 0 0 0 0 0 0 0 0 
0 0 0 0 0 0 0 0 0 0 0 0 0 0 
1 1 1 0 0 0 0 0 0 0 0 0 0 0 
1 0 0 0 0 0 0 0 0 0 0 0 0 0 
1 1 1 0 0 0 0 0 0 0 0 0 0 0 

15,25
0 1 1 1 0 1 0 1 1 0 0 0 1 0 0 
1 0 0 1 1 1 1 0 0 0 1 0 0 1 1 
1 0 0 1 0 1 0 0 0 0 1 0 0 1 1 
1 1 1 0 1 0 1 1 0 0 1 0 0 1 0 
0 1 0 1 0 0 0 0 0 0 0 0 1 1 1 
1 1 1 0 0 0 0 0 0 0 0 0 0 0 0 
0 1 0 1 0 0 0 0 0 0 0 0 0 0 0 
1 0 0 1 0 0 0 0 0 0 0 0 0 0 0 
1 0 0 0 0 0 0 0 0 0 0 0 0 0 0 
0 0 0 0 0 0 0 0 0 0 0 0 0 0 0 
0 1 1 1 0 0 0 0 0 0 0 0 0 0 0 
0 0 0 0 0 0 0 0 0 0 0 0 0 0 0 
1 0 0 0 1 0 0 0 0 0 0 0 0 0 0 
0 1 1 1 1 0 0 0 0 0 0 0 0 0 0 
0 1 1 0 1 0 0 0 0 0 0 0 0 0 0 

16,25
0 1 0 0 1 1 1 1 1 0 1 1 1 1 0 0 
1 0 1 1 1 1 1 1 1 1 1 0 1 1 0 0 
0 1 0 1 1 1 0 0 1 0 0 0 0 1 0 1 
0 1 1 0 0 0 0 1 0 1 0 0 0 0 0 0 
1 1 1 0 0 1 0 0 0 0 0 0 0 0 0 0 
1 1 1 0 1 0 0 0 0 0 0 0 0 0 0 0 
1 1 0 0 0 0 0 0 0 0 0 0 0 0 0 0 
1 1 0 1 0 0 0 0 0 0 0 0 0 0 0 0 
1 1 1 0 0 0 0 0 0 0 0 0 0 0 0 0 
0 1 0 1 0 0 0 0 0 0 0 0 0 0 0 0 
1 1 0 0 0 0 0 0 0 0 0 0 0 0 0 0 
1 0 0 0 0 0 0 0 0 0 0 0 0 0 0 0 
1 1 0 0 0 0 0 0 0 0 0 0 0 0 0 0 
1 1 1 0 0 0 0 0 0 0 0 0 0 0 0 0 
0 0 0 0 0 0 0 0 0 0 0 0 0 0 0 0 
0 0 1 0 0 0 0 0 0 0 0 0 0 0 0 0 

17,25
0 1 1 0 1 1 0 0 1 0 1 1 0 1 0 1 0 
1 0 0 1 1 1 1 1 1 0 1 0 1 0 1 1 0 
1 0 0 1 1 1 1 1 0 0 1 1 0 0 1 0 1 
0 1 1 0 1 1 1 1 1 0 0 1 0 0 0 0 0 
1 1 1 1 0 0 0 0 0 0 0 0 0 0 0 0 0 
1 1 1 1 0 0 0 0 0 0 0 0 0 0 0 0 0 
0 1 1 1 0 0 0 0 0 0 0 0 0 0 0 0 0 
0 1 1 1 0 0 0 0 0 0 0 0 0 0 0 0 0 
1 1 0 1 0 0 0 0 0 0 0 0 0 0 0 0 0 
0 0 0 0 0 0 0 0 0 0 0 0 0 0 0 0 0 
1 1 1 0 0 0 0 0 0 0 0 0 0 0 0 0 0 
1 0 1 1 0 0 0 0 0 0 0 0 0 0 0 0 0 
0 1 0 0 0 0 0 0 0 0 0 0 0 0 0 0 0 
1 0 0 0 0 0 0 0 0 0 0 0 0 0 0 0 0 
0 1 1 0 0 0 0 0 0 0 0 0 0 0 0 0 0 
1 1 0 0 0 0 0 0 0 0 0 0 0 0 0 0 0 
0 0 1 0 0 0 0 0 0 0 0 0 0 0 0 0 0 

18,25
0 1 1 1 1 1 1 0 0 1 0 1 1 1 0 1 1 1 
1 0 1 1 1 1 0 0 1 0 1 1 0 1 1 1 1 0 
1 1 0 1 1 0 1 1 0 0 1 0 1 0 0 0 1 1 
1 1 1 0 0 1 0 1 1 0 0 1 0 1 0 1 1 0 
1 1 1 0 0 0 0 0 0 0 0 0 0 0 0 0 0 0 
1 1 0 1 0 0 0 0 0 0 0 0 0 0 0 0 0 0 
1 0 1 0 0 0 0 0 0 0 0 0 0 0 0 0 0 0 
0 0 1 1 0 0 0 0 0 0 0 0 0 0 0 0 0 0 
0 1 0 1 0 0 0 0 0 0 0 0 0 0 0 0 0 0 
1 0 0 0 0 0 0 0 0 0 0 0 0 0 0 0 0 0 
0 1 1 0 0 0 0 0 0 0 0 0 0 0 0 0 0 0 
1 1 0 1 0 0 0 0 0 0 0 0 0 0 0 0 0 0 
1 0 1 0 0 0 0 0 0 0 0 0 0 0 0 0 0 0 
1 1 0 1 0 0 0 0 0 0 0 0 0 0 0 0 0 0 
0 1 0 0 0 0 0 0 0 0 0 0 0 0 0 0 0 0 
1 1 0 1 0 0 0 0 0 0 0 0 0 0 0 0 0 0 
1 1 1 1 0 0 0 0 0 0 0 0 0 0 0 0 0 0 
1 0 1 0 0 0 0 0 0 0 0 0 0 0 0 0 0 0 

19,25
0 1 0 0 1 0 1 0 0 0 1 0 0 1 1 1 1 0 0 
1 0 1 1 1 0 1 0 1 0 1 0 0 0 0 0 1 0 0 
0 1 0 0 0 1 0 1 1 1 0 1 1 1 1 0 1 0 0 
0 1 0 0 1 1 0 1 1 1 0 1 0 0 1 1 1 1 1 
1 1 0 1 0 1 1 0 0 0 1 1 1 1 1 0 0 0 1 
0 0 1 1 1 0 0 0 0 0 0 0 0 0 0 0 0 0 0 
1 1 0 0 1 0 0 0 0 0 0 0 0 0 0 0 0 0 0 
0 0 1 1 0 0 0 0 0 0 0 0 0 0 0 0 0 0 0 
0 1 1 1 0 0 0 0 0 0 0 0 0 0 0 0 0 0 0 
0 0 1 1 0 0 0 0 0 0 0 0 0 0 0 0 0 0 0 
1 1 0 0 1 0 0 0 0 0 0 0 0 0 0 0 0 0 0 
0 0 1 1 1 0 0 0 0 0 0 0 0 0 0 0 0 0 0 
0 0 1 0 1 0 0 0 0 0 0 0 0 0 0 0 0 0 0 
1 0 1 0 1 0 0 0 0 0 0 0 0 0 0 0 0 0 0 
1 0 1 1 1 0 0 0 0 0 0 0 0 0 0 0 0 0 0 
1 0 0 1 0 0 0 0 0 0 0 0 0 0 0 0 0 0 0 
1 1 1 1 0 0 0 0 0 0 0 0 0 0 0 0 0 0 0 
0 0 0 1 0 0 0 0 0 0 0 0 0 0 0 0 0 0 0 
0 0 0 1 1 0 0 0 0 0 0 0 0 0 0 0 0 0 0 

20,25
0 1 1 1 0 1 1 0 1 1 1 0 1 1 1 1 0 1 0 1 
1 0 0 1 1 0 1 1 1 1 1 1 0 1 0 1 0 0 1 0 
1 0 0 1 1 1 1 0 0 0 1 0 0 0 0 1 0 0 0 1 
1 1 1 0 1 0 1 1 1 0 1 0 1 1 1 0 1 1 1 1 
0 1 1 1 0 1 1 0 0 0 1 0 1 0 0 0 0 0 0 0 
1 0 1 0 1 0 0 0 0 0 0 0 0 0 0 0 0 0 0 0 
1 1 1 1 1 0 0 0 0 0 0 0 0 0 0 0 0 0 0 0 
0 1 0 1 0 0 0 0 0 0 0 0 0 0 0 0 0 0 0 0 
1 1 0 1 0 0 0 0 0 0 0 0 0 0 0 0 0 0 0 0 
1 1 0 0 0 0 0 0 0 0 0 0 0 0 0 0 0 0 0 0 
1 1 1 1 1 0 0 0 0 0 0 0 0 0 0 0 0 0 0 0 
0 1 0 0 0 0 0 0 0 0 0 0 0 0 0 0 0 0 0 0 
1 0 0 1 1 0 0 0 0 0 0 0 0 0 0 0 0 0 0 0 
1 1 0 1 0 0 0 0 0 0 0 0 0 0 0 0 0 0 0 0 
1 0 0 1 0 0 0 0 0 0 0 0 0 0 0 0 0 0 0 0 
1 1 1 0 0 0 0 0 0 0 0 0 0 0 0 0 0 0 0 0 
0 0 0 1 0 0 0 0 0 0 0 0 0 0 0 0 0 0 0 0 
1 0 0 1 0 0 0 0 0 0 0 0 0 0 0 0 0 0 0 0 
0 1 0 1 0 0 0 0 0 0 0 0 0 0 0 0 0 0 0 0 
1 0 1 1 0 0 0 0 0 0 0 0 0 0 0 0 0 0 0 0 

21,25
0 1 1 0 0 1 0 1 1 1 0 1 1 0 1 0 0 1 0 0 1 
1 0 1 0 0 1 0 1 0 1 0 0 1 0 1 1 1 1 1 0 0 
1 1 0 1 1 1 1 0 0 0 0 1 1 1 1 0 1 0 1 0 1 
0 0 1 0 1 0 0 0 1 1 0 0 0 1 1 0 1 1 0 1 0 
0 0 1 1 0 1 0 1 1 1 1 0 1 0 1 0 0 1 0 0 1 
1 1 1 0 1 0 1 0 1 1 0 0 0 1 0 0 0 0 0 0 0 
0 0 1 0 0 1 0 0 0 0 0 0 0 0 0 0 0 0 0 0 0 
1 1 0 0 1 0 0 0 0 0 0 0 0 0 0 0 0 0 0 0 0 
1 0 0 1 1 1 0 0 0 0 0 0 0 0 0 0 0 0 0 0 0 
1 1 0 1 1 1 0 0 0 0 0 0 0 0 0 0 0 0 0 0 0 
0 0 0 0 1 0 0 0 0 0 0 0 0 0 0 0 0 0 0 0 0 
1 0 1 0 0 0 0 0 0 0 0 0 0 0 0 0 0 0 0 0 0 
1 1 1 0 1 0 0 0 0 0 0 0 0 0 0 0 0 0 0 0 0 
0 0 1 1 0 1 0 0 0 0 0 0 0 0 0 0 0 0 0 0 0 
1 1 1 1 1 0 0 0 0 0 0 0 0 0 0 0 0 0 0 0 0 
0 1 0 0 0 0 0 0 0 0 0 0 0 0 0 0 0 0 0 0 0 
0 1 1 1 0 0 0 0 0 0 0 0 0 0 0 0 0 0 0 0 0 
1 1 0 1 1 0 0 0 0 0 0 0 0 0 0 0 0 0 0 0 0 
0 1 1 0 0 0 0 0 0 0 0 0 0 0 0 0 0 0 0 0 0 
0 0 0 1 0 0 0 0 0 0 0 0 0 0 0 0 0 0 0 0 0 
1 0 1 0 1 0 0 0 0 0 0 0 0 0 0 0 0 0 0 0 0 

22,25
0 1 1 1 1 1 1 0 0 1 0 1 0 0 0 1 0 1 1 0 0 0 
1 0 1 1 1 1 1 1 1 1 0 0 1 1 1 0 1 0 0 0 1 1 
1 1 0 1 1 1 0 1 1 0 1 0 0 0 0 1 1 0 0 0 0 1 
1 1 1 0 0 0 1 1 0 1 1 0 0 0 1 1 1 1 0 0 0 1 
1 1 1 0 0 0 0 1 0 1 0 0 1 1 0 1 1 0 0 1 1 0 
1 1 1 0 0 0 1 1 0 0 1 0 1 1 0 1 0 1 0 0 0 0 
1 1 0 1 0 1 0 0 0 0 0 0 0 0 0 0 0 0 0 0 0 0 
0 1 1 1 1 1 0 0 0 0 0 0 0 0 0 0 0 0 0 0 0 0 
0 1 1 0 0 0 0 0 0 0 0 0 0 0 0 0 0 0 0 0 0 0 
1 1 0 1 1 0 0 0 0 0 0 0 0 0 0 0 0 0 0 0 0 0 
0 0 1 1 0 1 0 0 0 0 0 0 0 0 0 0 0 0 0 0 0 0 
1 0 0 0 0 0 0 0 0 0 0 0 0 0 0 0 0 0 0 0 0 0 
0 1 0 0 1 1 0 0 0 0 0 0 0 0 0 0 0 0 0 0 0 0 
0 1 0 0 1 1 0 0 0 0 0 0 0 0 0 0 0 0 0 0 0 0 
0 1 0 1 0 0 0 0 0 0 0 0 0 0 0 0 0 0 0 0 0 0 
1 0 1 1 1 1 0 0 0 0 0 0 0 0 0 0 0 0 0 0 0 0 
0 1 1 1 1 0 0 0 0 0 0 0 0 0 0 0 0 0 0 0 0 0 
1 0 0 1 0 1 0 0 0 0 0 0 0 0 0 0 0 0 0 0 0 0 
1 0 0 0 0 0 0 0 0 0 0 0 0 0 0 0 0 0 0 0 0 0 
0 0 0 0 1 0 0 0 0 0 0 0 0 0 0 0 0 0 0 0 0 0 
0 1 0 0 1 0 0 0 0 0 0 0 0 0 0 0 0 0 0 0 0 0 
0 1 1 1 0 0 0 0 0 0 0 0 0 0 0 0 0 0 0 0 0 0 

23,25
0 1 0 1 1 1 0 1 0 1 0 1 1 1 1 0 0 0 1 1 0 0 1 
1 0 1 1 0 1 1 0 1 0 0 0 0 0 0 1 1 1 0 1 0 0 0 
0 1 0 0 1 1 1 0 0 1 0 0 0 1 1 0 0 1 0 1 0 1 1 
1 1 0 0 1 1 1 1 0 0 1 0 0 1 0 1 1 1 1 1 0 0 1 
1 0 1 1 0 1 0 1 0 1 0 1 0 1 1 0 0 1 0 1 1 1 1 
1 1 1 1 1 0 1 1 1 1 0 1 0 0 1 0 1 1 0 0 0 1 0 
0 1 1 1 0 1 0 0 0 0 0 0 0 0 0 0 0 0 0 0 0 0 0 
1 0 0 1 1 1 0 0 0 0 0 0 0 0 0 0 0 0 0 0 0 0 0 
0 1 0 0 0 1 0 0 0 0 0 0 0 0 0 0 0 0 0 0 0 0 0 
1 0 1 0 1 1 0 0 0 0 0 0 0 0 0 0 0 0 0 0 0 0 0 
0 0 0 1 0 0 0 0 0 0 0 0 0 0 0 0 0 0 0 0 0 0 0 
1 0 0 0 1 1 0 0 0 0 0 0 0 0 0 0 0 0 0 0 0 0 0 
1 0 0 0 0 0 0 0 0 0 0 0 0 0 0 0 0 0 0 0 0 0 0 
1 0 1 1 1 0 0 0 0 0 0 0 0 0 0 0 0 0 0 0 0 0 0 
1 0 1 0 1 1 0 0 0 0 0 0 0 0 0 0 0 0 0 0 0 0 0 
0 1 0 1 0 0 0 0 0 0 0 0 0 0 0 0 0 0 0 0 0 0 0 
0 1 0 1 0 1 0 0 0 0 0 0 0 0 0 0 0 0 0 0 0 0 0 
0 1 1 1 1 1 0 0 0 0 0 0 0 0 0 0 0 0 0 0 0 0 0 
1 0 0 1 0 0 0 0 0 0 0 0 0 0 0 0 0 0 0 0 0 0 0 
1 1 1 1 1 0 0 0 0 0 0 0 0 0 0 0 0 0 0 0 0 0 0 
0 0 0 0 1 0 0 0 0 0 0 0 0 0 0 0 0 0 0 0 0 0 0 
0 0 1 0 1 1 0 0 0 0 0 0 0 0 0 0 0 0 0 0 0 0 0 
1 0 1 1 1 0 0 0 0 0 0 0 0 0 0 0 0 0 0 0 0 0 0 

24,25
0 1 1 1 1 1 1 0 1 0 1 0 1 1 0 1 0 0 0 0 0 0 0 0 
1 0 0 1 0 0 0 0 0 0 1 1 0 0 1 0 1 0 1 0 0 1 1 1 
1 0 0 1 1 0 0 1 0 0 1 0 1 0 0 1 0 1 0 1 1 1 1 0 
1 1 1 0 1 1 1 0 1 0 1 1 1 1 1 1 1 0 0 1 1 1 1 0 
1 0 1 1 0 1 1 0 1 0 1 1 1 1 0 0 1 0 0 0 0 1 1 0 
1 0 0 1 1 0 1 1 0 1 1 1 0 0 1 1 0 0 1 0 0 1 1 1 
1 0 0 1 1 1 0 1 1 0 0 0 0 0 0 0 0 0 0 0 0 0 0 0 
0 0 1 0 0 1 1 0 0 0 0 0 0 0 0 0 0 0 0 0 0 0 0 0 
1 0 0 1 1 0 1 0 0 0 0 0 0 0 0 0 0 0 0 0 0 0 0 0 
0 0 0 0 0 1 0 0 0 0 0 0 0 0 0 0 0 0 0 0 0 0 0 0 
1 1 1 1 1 1 0 0 0 0 0 0 0 0 0 0 0 0 0 0 0 0 0 0 
0 1 0 1 1 1 0 0 0 0 0 0 0 0 0 0 0 0 0 0 0 0 0 0 
1 0 1 1 1 0 0 0 0 0 0 0 0 0 0 0 0 0 0 0 0 0 0 0 
1 0 0 1 1 0 0 0 0 0 0 0 0 0 0 0 0 0 0 0 0 0 0 0 
0 1 0 1 0 1 0 0 0 0 0 0 0 0 0 0 0 0 0 0 0 0 0 0 
1 0 1 1 0 1 0 0 0 0 0 0 0 0 0 0 0 0 0 0 0 0 0 0 
0 1 0 1 1 0 0 0 0 0 0 0 0 0 0 0 0 0 0 0 0 0 0 0 
0 0 1 0 0 0 0 0 0 0 0 0 0 0 0 0 0 0 0 0 0 0 0 0 
0 1 0 0 0 1 0 0 0 0 0 0 0 0 0 0 0 0 0 0 0 0 0 0 
0 0 1 1 0 0 0 0 0 0 0 0 0 0 0 0 0 0 0 0 0 0 0 0 
0 0 1 1 0 0 0 0 0 0 0 0 0 0 0 0 0 0 0 0 0 0 0 0 
0 1 1 1 1 1 0 0 0 0 0 0 0 0 0 0 0 0 0 0 0 0 0 0 
0 1 1 1 1 1 0 0 0 0 0 0 0 0 0 0 0 0 0 0 0 0 0 0 
0 1 0 0 0 1 0 0 0 0 0 0 0 0 0 0 0 0 0 0 0 0 0 0 

25,25
0 1 0 1 1 1 1 0 0 0 0 1 0 0 0 0 0 1 0 0 0 1 1 0 1 
1 0 0 1 1 1 0 0 1 1 1 1 1 1 0 1 1 1 1 0 0 1 0 1 0 
0 0 0 1 1 1 1 1 0 1 0 1 0 1 0 0 0 1 0 0 1 0 0 1 0 
1 1 1 0 1 1 1 1 1 0 0 1 1 1 1 1 0 1 0 1 1 0 1 0 0 
1 1 1 1 0 1 0 1 0 0 1 0 0 1 1 1 1 1 1 0 0 0 0 0 1 
1 1 1 1 1 0 1 0 1 1 0 0 1 1 1 0 1 1 0 1 1 1 1 1 0 
1 0 1 1 0 1 0 0 0 0 0 1 1 0 0 0 0 0 0 0 0 0 0 0 0 
0 0 1 1 1 0 0 0 0 0 0 0 0 0 0 0 0 0 0 0 0 0 0 0 0 
0 1 0 1 0 1 0 0 0 0 0 0 0 0 0 0 0 0 0 0 0 0 0 0 0 
0 1 1 0 0 1 0 0 0 0 0 0 0 0 0 0 0 0 0 0 0 0 0 0 0 
0 1 0 0 1 0 0 0 0 0 0 0 0 0 0 0 0 0 0 0 0 0 0 0 0 
1 1 1 1 0 0 1 0 0 0 0 0 0 0 0 0 0 0 0 0 0 0 0 0 0 
0 1 0 1 0 1 1 0 0 0 0 0 0 0 0 0 0 0 0 0 0 0 0 0 0 
0 1 1 1 1 1 0 0 0 0 0 0 0 0 0 0 0 0 0 0 0 0 0 0 0 
0 0 0 1 1 1 0 0 0 0 0 0 0 0 0 0 0 0 0 0 0 0 0 0 0 
0 1 0 1 1 0 0 0 0 0 0 0 0 0 0 0 0 0 0 0 0 0 0 0 0 
0 1 0 0 1 1 0 0 0 0 0 0 0 0 0 0 0 0 0 0 0 0 0 0 0 
1 1 1 1 1 1 0 0 0 0 0 0 0 0 0 0 0 0 0 0 0 0 0 0 0 
0 1 0 0 1 0 0 0 0 0 0 0 0 0 0 0 0 0 0 0 0 0 0 0 0 
0 0 0 1 0 1 0 0 0 0 0 0 0 0 0 0 0 0 0 0 0 0 0 0 0 
0 0 1 1 0 1 0 0 0 0 0 0 0 0 0 0 0 0 0 0 0 0 0 0 0 
1 1 0 0 0 1 0 0 0 0 0 0 0 0 0 0 0 0 0 0 0 0 0 0 0 
1 0 0 1 0 1 0 0 0 0 0 0 0 0 0 0 0 0 0 0 0 0 0 0 0 
0 1 1 0 0 1 0 0 0 0 0 0 0 0 0 0 0 0 0 0 0 0 0 0 0 
1 0 0 0 1 0 0 0 0 0 0 0 0 0 0 0 0 0 0 0 0 0 0 0 0 

2,50
0 1 
1 0 

3,50
0 1 0 
1 0 1 
0 1 0 

4,50
0 1 1 0 
1 0 1 0 
1 1 0 0 
0 0 0 0 

5,50
0 1 1 0 1 
1 0 1 0 1 
1 1 0 0 0 
0 0 0 0 0 
1 1 0 0 0 

6,50
0 1 0 1 1 1 
1 0 1 0 1 0 
0 1 0 0 1 1 
1 0 0 0 0 0 
1 1 1 0 0 0 
1 0 1 0 0 0 

7,50
0 1 0 1 1 0 1 
1 0 1 0 1 0 0 
0 1 0 0 1 1 1 
1 0 0 0 0 1 1 
1 1 1 0 0 0 0 
0 0 1 1 0 0 0 
1 0 1 1 0 0 0 

8,50
0 1 1 0 1 1 0 0 
1 0 1 1 1 1 1 0 
1 1 0 1 1 0 1 1 
0 1 1 0 0 0 1 0 
1 1 1 0 0 0 0 0 
1 1 0 0 0 0 0 0 
0 1 1 1 0 0 0 0 
0 0 1 0 0 0 0 0 

9,50
0 1 1 1 1 1 0 0 0 
1 0 1 0 1 1 0 1 0 
1 1 0 1 1 1 0 0 1 
1 0 1 0 1 1 1 0 1 
1 1 1 1 0 0 0 1 0 
1 1 1 1 0 0 0 0 0 
0 0 0 1 0 0 0 0 0 
0 1 0 0 1 0 0 0 0 
0 0 1 1 0 0 0 0 0 

10,50
0 0 1 1 1 1 1 0 0 1 
0 0 0 1 1 0 1 1 0 1 
1 0 0 0 1 0 1 1 0 1 
1 1 0 0 1 1 0 0 0 1 
1 1 1 1 0 1 1 0 0 1 
1 0 0 1 1 0 1 0 1 0 
1 1 1 0 1 1 0 0 0 0 
0 1 1 0 0 0 0 0 0 0 
0 0 0 0 0 1 0 0 0 0 
1 1 1 1 1 0 0 0 0 0 

11,50
0 1 1 0 0 1 0 1 1 0 1 
1 0 1 0 1 1 1 1 0 1 1 
1 1 0 0 1 1 1 1 1 1 1 
0 0 0 0 1 1 0 1 0 1 0 
0 1 1 1 0 1 0 1 0 1 0 
1 1 1 1 1 0 1 0 0 0 0 
0 1 1 0 0 1 0 0 0 0 0 
1 1 1 1 1 0 0 0 0 0 0 
1 0 1 0 0 0 0 0 0 0 0 
0 1 1 1 1 0 0 0 0 0 0 
1 1 1 0 0 0 0 0 0 0 0 

12,50
0 1 1 1 1 1 0 1 0 0 0 1 
1 0 1 1 1 0 1 0 0 1 0 0 
1 1 0 1 0 0 1 0 0 1 0 1 
1 1 1 0 1 1 0 1 1 1 1 0 
1 1 0 1 0 1 1 1 1 1 0 0 
1 0 0 1 1 0 1 0 0 1 0 1 
0 1 1 0 1 1 0 1 0 0 0 1 
1 0 0 1 1 0 1 0 0 0 1 0 
0 0 0 1 1 0 0 0 0 0 0 0 
0 1 1 1 1 1 0 0 0 0 0 0 
0 0 0 1 0 0 0 1 0 0 0 0 
1 0 1 0 0 1 1 0 0 0 0 0 

13,50
0 1 0 1 1 1 1 1 0 0 1 0 0 
1 0 1 1 0 1 1 0 0 1 0 0 1 
0 1 0 1 0 1 0 0 1 0 1 0 1 
1 1 1 0 1 1 1 1 0 1 0 1 0 
1 0 0 1 0 0 1 1 1 1 0 0 1 
1 1 1 1 0 0 1 1 0 1 1 1 0 
1 1 0 1 1 1 0 1 0 0 0 0 1 
1 0 0 1 1 1 1 0 0 0 1 1 1 
0 0 1 0 1 0 0 0 0 0 0 0 0 
0 1 0 1 1 1 0 0 0 0 0 0 0 
1 0 1 0 0 1 0 1 0 0 0 0 0 
0 0 0 1 0 1 0 1 0 0 0 0 0 
0 1 1 0 1 0 1 1 0 0 0 0 0 

14,50
0 1 1 0 1 1 1 1 0 0 0 0 0 1 
1 0 1 1 0 0 1 1 1 1 1 1 1 1 
1 1 0 0 0 1 0 1 0 0 0 1 1 0 
0 1 0 0 0 0 1 1 0 1 0 1 1 0 
1 0 0 0 0 0 1 0 1 1 0 1 1 1 
1 0 1 0 0 0 1 0 1 0 0 1 1 0 
1 1 0 1 1 1 0 1 1 0 0 0 1 1 
1 1 1 1 0 0 1 0 1 0 1 1 1 1 
0 1 0 0 1 1 1 1 0 1 0 0 0 0 
0 1 0 1 1 0 0 0 1 0 0 0 0 0 
0 1 0 0 0 0 0 1 0 0 0 0 0 0 
0 1 1 1 1 1 0 1 0 0 0 0 0 0 
0 1 1 1 1 1 1 1 0 0 0 0 0 0 
1 1 0 0 1 0 1 1 0 0 0 0 0 0 

15,50
0 1 0 0 1 1 0 1 0 1 1 0 1 0 1 
1 0 1 1 1 1 1 1 1 1 1 0 0 1 1 
0 1 0 1 1 1 1 1 1 0 1 1 0 1 0 
0 1 1 0 1 1 0 1 1 0 0 0 0 0 1 
1 1 1 1 0 1 0 1 0 0 1 1 1 1 0 
1 1 1 1 1 0 1 1 1 0 0 0 0 1 0 
0 1 1 0 0 1 0 0 1 0 0 0 1 0 1 
1 1 1 1 1 1 0 0 1 1 1 1 1 0 0 
0 1 1 1 0 1 1 1 0 0 1 1 0 0 0 
1 1 0 0 0 0 0 1 0 0 0 0 0 0 0 
1 1 1 0 1 0 0 1 1 0 0 0 0 0 0 
0 0 1 0 1 0 0 1 1 0 0 0 0 0 0 
1 0 0 0 1 0 1 1 0 0 0 0 0 0 0 
0 1 1 0 1 1 0 0 0 0 0 0 0 0 0 
1 1 0 1 0 0 1 0 0 0 0 0 0 0 0 

16,50
0 1 1 1 0 1 1 1 0 1 0 1 0 0 1 1 
1 0 1 1 1 0 1 1 1 1 0 1 1 0 1 1 
1 1 0 1 1 1 1 1 1 1 0 0 1 1 0 0 
1 1 1 0 1 0 0 1 0 1 1 0 0 0 0 1 
0 1 1 1 0 0 0 0 1 1 1 1 1 0 1 0 
1 0 1 0 0 0 1 1 0 1 1 0 0 1 1 1 
1 1 1 0 0 1 0 1 0 1 1 0 1 1 1 0 
1 1 1 1 0 1 1 0 1 1 1 0 0 1 1 1 
0 1 1 0 1 0 0 1 0 0 0 0 0 0 0 0 
1 1 1 1 1 1 1 1 0 0 0 0 0 0 0 0 
0 0 0 1 1 1 1 1 0 0 0 0 0 0 0 0 
1 1 0 0 1 0 0 0 0 0 0 0 0 0 0 0 
0 1 1 0 1 0 1 0 0 0 0 0 0 0 0 0 
0 0 1 0 0 1 1 1 0 0 0 0 0 0 0 0 
1 1 0 0 1 1 1 1 0 0 0 0 0 0 0 0 
1 1 0 1 0 1 0 1 0 0 0 0 0 0 0 0 

17,50
0 1 1 1 0 0 1 1 1 0 1 1 0 1 1 1 0 
1 0 1 0 0 1 1 0 1 0 0 0 0 0 1 0 1 
1 1 0 1 0 1 0 1 0 1 1 1 0 1 1 0 0 
1 0 1 0 1 1 0 0 1 1 1 1 1 1 0 1 0 
0 0 0 1 0 0 1 0 1 1 0 1 1 1 1 1 0 
0 1 1 1 0 0 0 1 1 1 1 1 0 1 0 1 1 
1 1 0 0 1 0 0 1 1 1 1 0 1 1 1 0 0 
1 0 1 0 0 1 1 0 1 1 1 0 0 0 0 1 1 
1 1 0 1 1 1 1 1 0 0 0 1 0 0 1 1 1 
0 0 1 1 1 1 1 1 0 0 0 1 0 1 0 0 0 
1 0 1 1 0 1 1 1 0 0 0 0 0 0 0 0 0 
1 0 1 1 1 1 0 0 1 1 0 0 0 0 0 0 0 
0 0 0 1 1 0 1 0 0 0 0 0 0 0 0 0 0 
1 0 1 1 1 1 1 0 0 1 0 0 0 0 0 0 0 
1 1 1 0 1 0 1 0 1 0 0 0 0 0 0 0 0 
1 0 0 1 1 1 0 1 1 0 0 0 0 0 0 0 0 
0 1 0 0 0 1 0 1 1 0 0 0 0 0 0 0 0 

18,50
0 1 1 1 0 1 1 1 1 1 0 1 0 1 1 1 1 1 
1 0 1 0 1 0 1 0 1 1 1 0 1 0 1 1 1 1 
1 1 0 1 1 0 1 0 0 1 1 0 0 0 0 0 0 0 
1 0 1 0 0 1 1 1 1 1 0 1 0 0 0 1 0 0 
0 1 1 0 0 1 0 1 1 1 1 1 1 1 0 1 0 0 
1 0 0 1 1 0 1 1 0 1 1 1 1 1 0 1 0 0 
1 1 1 1 0 1 0 1 1 1 1 0 0 0 0 0 1 0 
1 0 0 1 1 1 1 0 0 0 1 1 1 0 0 1 0 0 
1 1 0 1 1 0 1 0 0 1 1 1 1 1 0 0 0 0 
1 1 1 1 1 1 1 0 1 0 0 1 0 0 1 1 1 0 
0 1 1 0 1 1 1 1 1 0 0 0 1 0 0 0 0 0 
1 0 0 1 1 1 0 1 1 1 0 0 1 1 0 1 0 1 
0 1 0 0 1 1 0 1 1 0 1 1 0 0 0 0 0 0 
1 0 0 0 1 1 0 0 1 0 0 1 0 0 0 0 0 0 
1 1 0 0 0 0 0 0 0 1 0 0 0 0 0 0 0 0 
1 1 0 1 1 1 0 1 0 1 0 1 0 0 0 0 0 0 
1 1 0 0 0 0 1 0 0 1 0 0 0 0 0 0 0 0 
1 1 0 0 0 0 0 0 0 0 0 1 0 0 0 0 0 0 

19,50
0 1 0 1 1 1 1 1 1 1 1 1 1 1 1 1 0 0 0 
1 0 1 1 1 0 0 1 1 0 1 0 0 0 1 0 1 1 0 
0 1 0 1 1 1 1 1 0 1 1 0 0 1 1 1 0 1 1 
1 1 1 0 1 0 1 1 1 1 1 1 1 0 1 1 1 0 1 
1 1 1 1 0 1 0 0 1 1 1 1 0 0 1 0 1 0 0 
1 0 1 0 1 0 1 1 1 1 1 0 0 0 1 0 0 1 1 
1 0 1 1 0 1 0 0 0 0 1 1 1 1 0 1 0 0 0 
1 1 1 1 0 1 0 0 1 1 1 1 0 1 0 0 1 0 1 
1 1 0 1 1 1 0 1 0 0 1 1 0 0 1 0 0 0 0 
1 0 1 1 1 1 0 1 0 0 1 1 1 0 0 0 0 1 1 
1 1 1 1 1 1 1 1 1 1 0 1 1 1 0 0 0 1 0 
1 0 0 1 1 0 1 1 1 1 1 0 0 0 0 0 0 0 0 
1 0 0 1 0 0 1 0 0 1 1 0 0 0 0 0 0 0 0 
1 0 1 0 0 0 1 1 0 0 1 0 0 0 0 0 0 0 0 
1 1 1 1 1 1 0 0 1 0 0 0 0 0 0 0 0 0 0 
1 0 1 1 0 0 1 0 0 0 0 0 0 0 0 0 0 0 0 
0 1 0 1 1 0 0 1 0 0 0 0 0 0 0 0 0 0 0 
0 1 1 0 0 1 0 0 0 1 1 0 0 0 0 0 0 0 0 
0 0 1 1 0 1 0 1 0 1 0 0 0 0 0 0 0 0 0 

20,50
0 1 1 1 1 1 1 0 0 0 1 1 0 0 0 1 1 0 0 0 
1 0 1 1 1 1 0 0 1 1 0 1 1 1 0 1 1 1 0 1 
1 1 0 0 1 1 1 0 1 1 1 1 1 1 1 0 0 0 1 0 
1 1 0 0 1 1 1 1 1 1 1 1 1 1 1 0 1 0 0 0 
1 1 1 1 0 1 1 0 1 1 1 1 0 1 1 1 0 1 0 1 
1 1 1 1 1 0 1 1 1 1 1 1 0 1 0 1 1 1 1 0 
1 0 1 1 1 1 0 1 0 1 0 0 1 0 1 1 0 1 0 0 
0 0 0 1 0 1 1 0 0 1 1 1 0 1 1 0 0 0 1 1 
0 1 1 1 1 1 0 0 0 1 1 0 1 1 1 1 0 0 1 1 
0 1 1 1 1 1 1 1 1 0 0 0 0 0 1 1 0 0 1 0 
1 0 1 1 1 1 0 1 1 0 0 0 1 1 0 0 0 1 0 0 
1 1 1 1 1 1 0 1 0 0 0 0 0 0 0 0 0 0 0 0 
0 1 1 1 0 0 1 0 1 0 1 0 0 0 0 0 0 0 0 0 
0 1 1 1 1 1 0 1 1 0 1 0 0 0 0 0 0 0 0 0 
0 0 1 1 1 0 1 1 1 1 0 0 0 0 0 0 0 0 0 0 
1 1 0 0 1 1 1 0 1 1 0 0 0 0 0 0 0 0 0 0 
1 1 0 1 0 1 0 0 0 0 0 0 0 0 0 0 0 0 0 0 
0 1 0 0 1 1 1 0 0 0 1 0 0 0 0 0 0 0 0 0 
0 0 1 0 0 1 0 1 1 1 0 0 0 0 0 0 0 0 0 0 
0 1 0 0 1 0 0 1 1 0 0 0 0 0 0 0 0 0 0 0 

21,50
0 1 0 1 0 1 1 1 1 0 0 0 1 1 1 1 1 0 1 0 1 
1 0 0 1 1 1 1 1 1 1 1 0 1 1 0 0 0 1 0 0 1 
0 0 0 1 1 0 1 1 0 1 0 0 1 0 1 1 0 1 0 0 0 
1 1 1 0 0 0 1 0 1 1 0 1 1 1 1 0 0 1 1 0 0 
0 1 1 0 0 0 1 1 0 1 0 0 1 0 0 0 1 1 0 1 0 
1 1 0 0 0 0 1 1 1 1 1 1 1 1 1 0 1 0 1 1 0 
1 1 1 1 1 1 0 1 0 0 1 1 1 1 1 0 1 1 0 0 1 
1 1 1 0 1 1 1 0 1 0 0 1 1 0 1 1 0 1 1 0 0 
1 1 0 1 0 1 0 1 0 1 0 0 0 1 1 0 0 0 0 0 1 
0 1 1 1 1 1 0 0 1 0 1 1 1 0 1 1 1 1 0 0 0 
0 1 0 0 0 1 1 0 0 1 0 1 1 1 0 1 1 1 0 1 0 
0 0 0 1 0 1 1 1 0 1 1 0 1 1 1 1 1 1 1 1 1 
1 1 1 1 1 1 1 1 0 1 1 1 0 0 0 0 0 0 0 0 0 
1 1 0 1 0 1 1 0 1 0 1 1 0 0 0 0 0 0 0 0 0 
1 0 1 1 0 1 1 1 1 1 0 1 0 0 0 0 0 0 0 0 0 
1 0 1 0 0 0 0 1 0 1 1 1 0 0 0 0 0 0 0 0 0 
1 0 0 0 1 1 1 0 0 1 1 1 0 0 0 0 0 0 0 0 0 
0 1 1 1 1 0 1 1 0 1 1 1 0 0 0 0 0 0 0 0 0 
1 0 0 1 0 1 0 1 0 0 0 1 0 0 0 0 0 0 0 0 0 
0 0 0 0 1 1 0 0 0 0 1 1 0 0 0 0 0 0 0 0 0 
1 1 0 0 0 0 1 0 1 0 0 1 0 0 0 0 0 0 0 0 0 

22,50
0 1 1 1 1 1 1 1 1 1 1 1 1 1 1 1 0 0 1 0 1 1 
1 0 0 1 1 1 1 1 1 1 1 1 1 1 1 1 0 1 0 0 1 0 
1 0 0 1 1 1 1 1 1 0 1 1 0 1 0 1 0 1 0 0 1 1 
1 1 1 0 1 1 0 0 0 1 1 0 1 0 0 1 0 0 0 1 0 1 
1 1 1 1 0 0 0 0 0 1 1 1 1 1 1 0 0 1 1 1 1 1 
1 1 1 1 0 0 1 1 0 0 1 1 0 1 1 0 1 0 0 0 0 1 
1 1 1 0 0 1 0 0 1 0 1 0 1 0 0 1 0 0 1 1 1 1 
1 1 1 0 0 1 0 0 1 0 1 0 0 1 0 1 0 1 0 1 1 0 
1 1 1 0 0 0 1 1 0 0 0 1 0 1 1 0 1 0 0 1 1 1 
1 1 0 1 1 0 0 0 0 0 0 1 0 1 1 1 0 1 0 1 0 1 
1 1 1 1 1 1 1 1 0 0 0 1 1 1 0 1 1 1 0 1 1 1 
1 1 1 0 1 1 0 0 1 1 1 0 1 0 0 0 1 1 0 0 1 1 
1 1 0 1 1 0 1 0 0 0 1 1 0 0 0 0 0 0 0 0 0 0 
1 1 1 0 1 1 0 1 1 1 1 0 0 0 0 0 0 0 0 0 0 0 
1 1 0 0 1 1 0 0 1 1 0 0 0 0 0 0 0 0 0 0 0 0 
1 1 1 1 0 0 1 1 0 1 1 0 0 0 0 0 0 0 0 0 0 0 
0 0 0 0 0 1 0 0 1 0 1 1 0 0 0 0 0 0 0 0 0 0 
0 1 1 0 1 0 0 1 0 1 1 1 0 0 0 0 0 0 0 0 0 0 
1 0 0 0 1 0 1 0 0 0 0 0 0 0 0 0 0 0 0 0 0 0 
0 0 0 1 1 0 1 1 1 1 1 0 0 0 0 0 0 0 0 0 0 0 
1 1 1 0 1 0 1 1 1 0 1 1 0 0 0 0 0 0 0 0 0 0 
1 0 1 1 1 1 1 0 1 1 1 1 0 0 0 0 0 0 0 0 0 0 

23,50
0 1 1 1 1 1 1 0 1 0 0 1 1 1 1 0 0 1 0 0 1 1 0 
1 0 0 1 0 0 1 0 1 0 1 1 0 1 1 1 0 0 1 0 0 0 1 
1 0 0 1 1 0 1 1 1 1 0 0 0 1 1 0 0 1 1 0 1 1 1 
1 1 1 0 1 0 1 1 1 1 1 1 1 1 0 0 0 0 0 0 1 0 0 
1 0 1 1 0 1 1 1 1 1 1 1 1 0 0 0 0 1 0 1 0 1 1 
1 0 0 0 1 0 0 0 1 1 1 0 1 1 1 1 0 1 1 1 0 1 0 
1 1 1 1 1 0 0 0 1 1 1 1 1 1 0 0 0 0 1 0 0 0 1 
0 0 1 1 1 0 0 0 1 1 1 1 0 1 1 0 1 1 1 0 1 1 1 
1 1 1 1 1 1 1 1 0 1 1 1 1 1 0 0 1 0 0 1 1 0 0 
0 0 1 1 1 1 1 1 1 0 1 1 1 0 0 1 1 1 1 0 1 0 1 
0 1 0 1 1 1 1 1 1 1 0 0 1 1 1 0 1 0 0 1 0 0 1 
1 1 0 1 1 0 1 1 1 1 0 0 1 1 1 0 1 1 1 0 1 0 1 
1 0 0 1 1 1 1 0 1 1 1 1 0 1 0 0 1 0 0 0 1 1 0 
1 1 1 1 0 1 1 1 1 0 1 1 1 0 0 0 1 0 0 1 0 0 0 
1 1 1 0 0 1 0 1 0 0 1 1 0 0 0 0 0 0 0 0 0 0 0 
0 1 0 0 0 1 0 0 0 1 0 0 0 0 0 0 0 0 0 0 0 0 0 
0 0 0 0 0 0 0 1 1 1 1 1 1 1 0 0 0 0 0 0 0 0 0 
1 0 1 0 1 1 0 1 0 1 0 1 0 0 0 0 0 0 0 0 0 0 0 
0 1 1 0 0 1 1 1 0 1 0 1 0 0 0 0 0 0 0 0 0 0 0 
0 0 0 0 1 1 0 0 1 0 1 0 0 1 0 0 0 0 0 0 0 0 0 
1 0 1 1 0 0 0 1 1 1 0 1 1 0 0 0 0 0 0 0 0 0 0 
1 0 1 0 1 1 0 1 0 0 0 0 1 0 0 0 0 0 0 0 0 0 0 
0 1 1 0 1 0 1 1 0 1 1 1 0 0 0 0 0 0 0 0 0 0 0 

24,50
0 1 1 1 1 0 1 1 1 0 1 1 0 1 1 0 1 0 0 0 0 1 1 0 
1 0 1 1 1 1 0 0 1 0 1 1 1 1 0 1 1 0 1 0 1 0 0 0 
1 1 0 1 1 1 1 0 1 1 1 1 1 1 0 1 1 0 0 1 1 1 1 0 
1 1 1 0 1 1 1 1 0 0 1 0 1 1 0 0 1 1 0 0 1 1 1 0 
1 1 1 1 0 1 1 1 1 1 0 1 1 1 0 0 0 0 1 0 1 0 0 1 
0 1 1 1 1 0 1 0 1 1 1 1 1 1 0 1 0 0 1 1 0 0 1 1 
1 0 1 1 1 1 0 1 1 1 1 0 0 1 0 1 0 0 0 1 1 0 0 1 
1 0 0 1 1 0 1 0 1 1 1 0 1 0 1 1 0 0 1 1 1 0 1 0 
1 1 1 0 1 1 1 1 0 1 1 1 1 0 1 0 1 1 0 0 1 0 0 0 
0 0 1 0 1 1 1 1 1 0 1 1 1 1 0 0 1 0 0 1 1 1 0 0 
1 1 1 1 0 1 1 1 1 1 0 1 1 1 1 0 0 0 0 0 0 1 0 1 
1 1 1 0 1 1 0 0 1 1 1 0 0 1 1 1 1 1 1 1 0 0 1 1 
0 1 1 1 1 1 0 1 1 1 1 0 0 1 1 1 1 1 0 0 1 0 0 0 
1 1 1 1 1 1 1 0 0 1 1 1 1 0 1 1 1 1 0 0 0 0 0 0 
1 0 0 0 0 0 0 1 1 0 1 1 1 1 0 0 0 0 0 0 0 0 0 0 
0 1 1 0 0 1 1 1 0 0 0 1 1 1 0 0 0 0 0 0 0 0 0 0 
1 1 1 1 0 0 0 0 1 1 0 1 1 1 0 0 0 0 0 0 0 0 0 0 
0 0 0 1 0 0 0 0 1 0 0 1 1 1 0 0 0 0 0 0 0 0 0 0 
0 1 0 0 1 1 0 1 0 0 0 1 0 0 0 0 0 0 0 0 0 0 0 0 
0 0 1 0 0 1 1 1 0 1 0 1 0 0 0 0 0 0 0 0 0 0 0 0 
0 1 1 1 1 0 1 1 1 1 0 0 1 0 0 0 0 0 0 0 0 0 0 0 
1 0 1 1 0 0 0 0 0 1 1 0 0 0 0 0 0 0 0 0 0 0 0 0 
1 0 1 1 0 1 0 1 0 0 0 1 0 0 0 0 0 0 0 0 0 0 0 0 
0 0 0 0 1 1 1 0 0 0 1 1 0 0 0 0 0 0 0 0 0 0 0 0 

25,50
0 1 0 0 1 1 1 1 1 0 1 1 1 0 0 1 1 1 0 0 1 1 1 0 1 
1 0 0 1 1 1 1 0 1 1 1 0 1 1 1 1 1 1 1 1 0 1 1 0 0 
0 0 0 0 1 1 0 1 1 1 1 0 1 0 1 0 1 1 0 0 1 0 0 0 1 
0 1 0 0 1 1 1 0 0 1 0 1 0 0 1 1 1 1 0 0 0 0 0 1 0 
1 1 1 1 0 1 0 0 1 1 0 1 1 1 0 1 0 1 0 0 1 1 1 0 1 
1 1 1 1 1 0 1 1 1 1 1 0 0 0 1 0 0 1 1 0 0 0 1 0 0 
1 1 0 1 0 1 0 0 1 1 0 1 0 1 1 0 1 1 0 0 0 0 0 1 0 
1 0 1 0 0 1 0 0 1 1 1 0 1 1 0 0 0 0 0 1 1 1 1 1 0 
1 1 1 0 1 1 1 1 0 1 1 0 1 1 1 1 0 1 1 1 0 1 1 0 1 
0 1 1 1 1 1 1 1 1 0 1 1 1 1 1 1 1 0 0 1 1 1 1 1 1 
1 1 1 0 0 1 0 1 1 1 0 0 1 0 1 1 0 0 1 1 1 0 0 0 0 
1 0 0 1 1 0 1 0 0 1 0 0 0 1 1 1 1 1 1 0 1 1 0 1 1 
1 1 1 0 1 0 0 1 1 1 1 0 0 1 0 1 0 0 1 1 0 1 0 1 1 
0 1 0 0 1 0 1 1 1 1 0 1 1 0 1 0 0 0 0 0 1 0 0 1 0 
0 1 1 1 0 1 1 0 1 1 1 1 0 1 0 1 0 0 0 1 1 0 0 1 1 
1 1 0 1 1 0 0 0 1 1 1 1 1 0 1 0 0 0 0 0 0 0 0 0 0 
1 1 1 1 0 0 1 0 0 1 0 1 0 0 0 0 0 0 0 0 0 0 0 0 0 
1 1 1 1 1 1 1 0 1 0 0 1 0 0 0 0 0 0 0 0 0 0 0 0 0 
0 1 0 0 0 1 0 0 1 0 1 1 1 0 0 0 0 0 0 0 0 0 0 0 0 
0 1 0 0 0 0 0 1 1 1 1 0 1 0 1 0 0 0 0 0 0 0 0 0 0 
1 0 1 0 1 0 0 1 0 1 1 1 0 1 1 0 0 0 0 0 0 0 0 0 0 
1 1 0 0 1 0 0 1 1 1 0 1 1 0 0 0 0 0 0 0 0 0 0 0 0 
1 1 0 0 1 1 0 1 1 1 0 0 0 0 0 0 0 0 0 0 0 0 0 0 0 
0 0 0 1 0 0 1 1 0 1 0 1 1 1 1 0 0 0 0 0 0 0 0 0 0 
1 0 1 0 1 0 0 0 1 1 0 1 1 0 1 0 0 0 0 0 0 0 0 0 0 

2,75
0 1 
1 0 

3,75
0 1 1 
1 0 1 
1 1 0 

4,75
0 0 1 1 
0 0 1 1 
1 1 0 1 
1 1 1 0 

5,75
0 1 1 0 1 
1 0 1 1 1 
1 1 0 1 0 
0 1 1 0 1 
1 1 0 1 0 

6,75
0 1 0 1 1 1 
1 0 1 1 1 0 
0 1 0 1 1 0 
1 1 1 0 1 1 
1 1 1 1 0 1 
1 0 0 1 1 0 

7,75
0 1 0 1 1 0 1 
1 0 0 1 1 1 1 
0 0 0 1 1 1 1 
1 1 1 0 1 0 0 
1 1 1 1 0 1 1 
0 1 1 0 1 0 1 
1 1 1 0 1 1 0 

8,75
0 1 1 1 1 1 1 0 
1 0 1 1 1 1 1 0 
1 1 0 0 1 1 1 0 
1 1 0 0 1 1 1 1 
1 1 1 1 0 1 0 0 
1 1 1 1 1 0 1 1 
1 1 1 1 0 1 0 0 
0 0 0 1 0 1 0 0 

9,75
0 1 1 0 1 1 1 1 1 
1 0 1 1 0 1 0 1 1 
1 1 0 0 1 1 0 1 0 
0 1 0 0 0 1 1 1 1 
1 0 1 0 0 1 1 1 1 
1 1 1 1 1 0 1 0 1 
1 0 0 1 1 1 0 1 0 
1 1 1 1 1 0 1 0 1 
1 1 0 1 1 1 0 1 0 

10,75
0 1 1 1 1 0 1 1 1 0 
1 0 1 1 1 1 0 1 1 0 
1 1 0 1 0 1 1 1 1 0 
1 1 1 0 1 1 0 1 1 1 
1 1 0 1 0 1 1 1 1 0 
0 1 1 1 1 0 1 1 1 0 
1 0 1 0 1 1 0 1 1 1 
1 1 1 1 1 1 1 0 1 0 
1 1 1 1 1 1 1 1 0 0 
0 0 0 1 0 0 1 0 0 0 

11,75
0 1 1 0 1 1 1 1 1 1 1 
1 0 1 0 1 1 1 1 0 1 1 
1 1 0 1 1 1 1 1 1 1 1 
0 0 1 0 0 1 1 0 1 1 0 
1 1 1 0 0 1 1 1 1 0 1 
1 1 1 1 1 0 0 1 1 1 0 
1 1 1 1 1 0 0 1 1 0 0 
1 1 1 0 1 1 1 0 0 0 1 
1 0 1 1 1 1 1 0 0 1 1 
1 1 1 1 0 1 0 0 1 0 1 
1 1 1 0 1 0 0 1 1 1 0 

12,75
0 1 0 1 0 1 0 1 1 1 1 1 
1 0 0 1 1 1 0 1 1 1 0 1 
0 0 0 1 1 1 1 1 1 0 1 1 
1 1 1 0 1 0 1 1 1 0 1 1 
0 1 1 1 0 0 1 1 1 1 1 0 
1 1 1 0 0 0 0 1 1 1 1 0 
0 0 1 1 1 0 0 1 1 1 1 0 
1 1 1 1 1 1 1 0 1 1 0 1 
1 1 1 1 1 1 1 1 0 1 1 1 
1 1 0 0 1 1 1 1 1 0 1 1 
1 0 1 1 1 1 1 0 1 1 0 0 
1 1 1 1 0 0 0 1 1 1 0 0 

13,75
0 1 0 1 1 0 1 1 1 1 1 0 1 
1 0 0 1 1 0 0 1 0 1 1 1 1 
0 0 0 1 1 1 1 1 1 0 1 0 1 
1 1 1 0 1 1 1 1 1 1 1 1 1 
1 1 1 1 0 0 1 1 1 1 1 1 1 
0 0 1 1 0 0 1 0 1 1 0 1 1 
1 0 1 1 1 1 0 0 0 1 1 0 0 
1 1 1 1 1 0 0 0 1 1 1 1 1 
1 0 1 1 1 1 0 1 0 1 1 0 1 
1 1 0 1 1 1 1 1 1 0 1 1 0 
1 1 1 1 1 0 1 1 1 1 0 0 1 
0 1 0 1 1 1 0 1 0 1 0 0 1 
1 1 1 1 1 1 0 1 1 0 1 1 0 

14,75
0 1 1 1 1 1 1 1 1 0 1 1 1 1 
1 0 0 1 1 1 1 1 0 1 0 0 1 1 
1 0 0 1 0 1 1 0 1 1 0 1 1 1 
1 1 1 0 0 1 1 0 1 1 1 1 1 1 
1 1 0 0 0 0 1 1 1 1 0 1 1 1 
1 1 1 1 0 0 0 1 1 1 1 1 1 1 
1 1 1 1 1 0 0 1 1 1 0 1 1 0 
1 1 0 0 1 1 1 0 1 0 1 1 1 1 
1 0 1 1 1 1 1 1 0 0 0 1 1 1 
0 1 1 1 1 1 1 0 0 0 1 1 0 1 
1 0 0 1 0 1 0 1 0 1 0 0 1 0 
1 0 1 1 1 1 1 1 1 1 0 0 1 1 
1 1 1 1 1 1 1 1 1 0 1 1 0 0 
1 1 1 1 1 1 0 1 1 1 0 1 0 0 

15,75
0 1 1 1 1 1 1 1 1 1 1 1 1 1 0 
1 0 1 1 1 0 1 1 1 1 1 0 0 1 1 
1 1 0 1 1 1 1 1 1 1 1 0 1 1 1 
1 1 1 0 1 0 0 1 0 0 0 0 1 1 1 
1 1 1 1 0 1 1 1 0 1 0 1 0 1 1 
1 0 1 0 1 0 0 1 1 0 1 1 1 1 0 
1 1 1 0 1 0 0 0 1 1 1 1 1 1 1 
1 1 1 1 1 1 0 0 1 1 1 1 1 0 1 
1 1 1 0 0 1 1 1 0 1 1 0 1 0 0 
1 1 1 0 1 0 1 1 1 0 1 1 0 0 0 
1 1 1 0 0 1 1 1 1 1 0 1 1 1 1 
1 0 0 0 1 1 1 1 0 1 1 0 1 1 1 
1 0 1 1 0 1 1 1 1 0 1 1 0 1 1 
1 1 1 1 1 1 1 0 0 0 1 1 1 0 0 
0 1 1 1 1 0 1 1 0 0 1 1 1 0 0 

16,75
0 1 1 1 1 1 1 1 1 1 1 1 1 1 1 0 
1 0 1 1 1 1 1 1 0 0 1 1 1 1 1 1 
1 1 0 1 1 0 1 1 1 0 1 1 0 1 1 0 
1 1 1 0 1 0 0 1 1 1 1 1 1 1 1 1 
1 1 1 1 0 1 0 1 1 1 0 1 1 1 1 1 
1 1 0 0 1 0 1 0 1 1 1 1 1 0 1 1 
1 1 1 0 0 1 0 1 0 1 0 1 0 1 0 1 
1 1 1 1 1 0 1 0 0 0 1 0 1 0 0 0 
1 0 1 1 1 1 0 0 0 1 1 1 1 1 1 0 
1 0 0 1 1 1 1 0 1 0 1 1 1 1 1 1 
1 1 1 1 0 1 0 1 1 1 0 1 0 0 1 1 
1 1 1 1 1 1 1 0 1 1 1 0 0 1 1 1 
1 1 0 1 1 1 0 1 1 1 0 0 0 1 0 0 
1 1 1 1 1 0 1 0 1 1 0 1 1 0 1 0 
1 1 1 1 1 1 0 0 1 1 1 1 0 1 0 1 
0 1 0 1 1 1 1 0 0 1 1 1 0 0 1 0 

17,75
0 1 1 1 1 1 1 1 1 1 1 1 1 1 0 0 0 
1 0 1 1 1 1 0 1 0 1 1 1 1 1 1 1 0 
1 1 0 1 1 1 1 0 0 1 0 1 1 1 0 1 0 
1 1 1 0 1 1 1 1 1 1 1 1 1 0 1 1 1 
1 1 1 1 0 1 0 1 0 1 1 1 1 1 1 0 1 
1 1 1 1 1 0 1 0 1 1 1 0 1 1 1 0 1 
1 0 1 1 0 1 0 1 1 1 1 1 0 1 1 1 1 
1 1 0 1 1 0 1 0 1 1 1 1 0 1 1 1 1 
1 0 0 1 0 1 1 1 0 1 0 0 1 0 1 1 1 
1 1 1 1 1 1 1 1 1 0 1 1 1 0 0 1 0 
1 1 0 1 1 1 1 1 0 1 0 1 1 1 1 0 1 
1 1 1 1 1 0 1 1 0 1 1 0 0 0 0 1 1 
1 1 1 1 1 1 0 0 1 1 1 0 0 1 0 0 1 
1 1 1 0 1 1 1 1 0 0 1 0 1 0 1 0 1 
0 1 0 1 1 1 1 1 1 0 1 0 0 1 0 0 1 
0 1 1 1 0 0 1 1 1 1 0 1 0 0 0 0 1 
0 0 0 1 1 1 1 1 1 0 1 1 1 1 1 1 0 

18,75
0 0 1 1 1 1 1 1 1 0 1 0 1 1 1 1 1 1 
0 0 1 1 1 1 1 1 1 0 1 1 1 1 1 1 0 1 
1 1 0 0 1 1 0 1 1 0 1 1 1 1 1 1 1 0 
1 1 0 0 1 1 1 1 0 1 1 0 1 1 0 1 1 1 
1 1 1 1 0 1 1 0 0 1 1 0 0 1 0 1 1 1 
1 1 1 1 1 0 1 1 0 1 1 1 0 1 1 1 1 1 
1 1 0 1 1 1 0 1 1 1 0 1 0 1 0 1 1 1 
1 1 1 1 0 1 1 0 1 1 1 1 0 1 1 0 1 1 
1 1 1 0 0 0 1 1 0 1 0 0 0 0 1 0 1 1 
0 0 0 1 1 1 1 1 1 0 0 1 1 1 1 1 1 0 
1 1 1 1 1 1 0 1 0 0 0 0 1 1 1 1 0 1 
0 1 1 0 0 1 1 1 0 1 0 0 1 1 1 1 1 1 
1 1 1 1 0 0 0 0 0 1 1 1 0 1 1 0 1 1 
1 1 1 1 1 1 1 1 0 1 1 1 1 0 0 1 1 1 
1 1 1 0 0 1 0 1 1 1 1 1 1 0 0 1 1 0 
1 1 1 1 1 1 1 0 0 1 1 1 0 1 1 0 1 0 
1 0 1 1 1 1 1 1 1 1 0 1 1 1 1 1 0 0 
1 1 0 1 1 1 1 1 1 0 1 1 1 1 0 0 0 0 

19,75
0 1 1 1 0 1 1 1 1 1 1 1 1 1 1 1 1 1 1 
1 0 1 1 1 1 0 1 1 1 1 1 1 1 1 1 1 0 1 
1 1 0 1 1 1 1 1 0 1 1 1 0 1 1 1 1 1 1 
1 1 1 0 0 1 1 1 0 0 0 0 1 1 0 1 1 1 1 
0 1 1 0 0 1 1 1 1 1 0 0 1 0 1 0 0 1 1 
1 1 1 1 1 0 1 1 1 1 0 1 0 0 1 1 1 0 1 
1 0 1 1 1 1 0 1 1 1 1 1 1 0 0 1 0 1 1 
1 1 1 1 1 1 1 0 1 1 0 1 0 1 1 0 1 1 0 
1 1 0 0 1 1 1 1 0 0 1 1 1 0 0 1 0 1 0 
1 1 1 0 1 1 1 1 0 0 1 1 1 1 1 1 0 1 1 
1 1 1 0 0 0 1 0 1 1 0 1 1 1 1 1 1 0 0 
1 1 1 0 0 1 1 1 1 1 1 0 1 1 1 1 1 1 1 
1 1 0 1 1 0 1 0 1 1 1 1 0 1 0 1 1 0 1 
1 1 1 1 0 0 0 1 0 1 1 1 1 0 0 1 0 1 1 
1 1 1 0 1 1 0 1 0 1 1 1 0 0 0 1 1 1 1 
1 1 1 1 0 1 1 0 1 1 1 1 1 1 1 0 1 0 1 
1 1 1 1 0 1 0 1 0 0 1 1 1 0 1 1 0 0 1 
1 0 1 1 1 0 1 1 1 1 0 1 0 1 1 0 0 0 0 
1 1 1 1 1 1 1 0 0 1 0 1 1 1 1 1 1 0 0 

20,75
0 1 1 1 1 1 1 1 1 0 1 1 0 1 1 1 1 1 1 1 
1 0 1 1 1 1 0 1 0 0 1 0 1 0 1 1 1 1 0 1 
1 1 0 0 1 1 1 1 1 0 0 1 1 0 0 1 1 1 1 1 
1 1 0 0 1 1 1 0 1 1 1 1 1 1 0 1 1 1 0 1 
1 1 1 1 0 1 1 0 1 1 1 1 1 1 1 0 1 0 1 0 
1 1 1 1 1 0 0 0 1 1 1 1 1 1 0 0 1 1 0 1 
1 0 1 1 1 0 0 1 1 0 1 1 0 1 0 1 1 0 1 0 
1 1 1 0 0 0 1 0 1 1 1 0 1 1 1 1 1 0 1 1 
1 0 1 1 1 1 1 1 0 1 1 1 1 1 1 1 0 1 1 1 
0 0 0 1 1 1 0 1 1 0 1 1 1 0 1 1 1 1 1 1 
1 1 0 1 1 1 1 1 1 1 0 0 1 1 0 1 0 0 0 1 
1 0 1 1 1 1 1 0 1 1 0 0 1 1 0 1 0 1 1 1 
0 1 1 1 1 1 0 1 1 1 1 1 0 1 1 1 1 1 1 1 
1 0 0 1 1 1 1 1 1 0 1 1 1 0 1 1 1 1 1 0 
1 1 0 0 1 0 0 1 1 1 0 0 1 1 0 1 0 0 1 1 
1 1 1 1 0 0 1 1 1 1 1 1 1 1 1 0 1 1 1 1 
1 1 1 1 1 1 1 1 0 1 0 0 1 1 0 1 0 0 1 1 
1 1 1 1 0 1 0 0 1 1 0 1 1 1 0 1 0 0 0 0 
1 0 1 0 1 0 1 1 1 1 0 1 1 1 1 1 1 0 0 1 
1 1 1 1 0 1 0 1 1 1 1 1 1 0 1 1 1 0 1 0 

21,75
0 1 1 1 1 0 1 0 1 1 1 1 0 1 0 1 1 1 1 0 0 
1 0 1 1 1 1 1 1 1 1 0 0 0 1 1 1 0 0 1 1 1 
1 1 0 0 1 1 1 1 0 1 0 1 1 1 1 1 1 1 1 1 1 
1 1 0 0 1 1 1 1 0 1 1 1 1 1 0 1 1 1 1 0 1 
1 1 1 1 0 1 1 1 0 1 1 1 1 1 1 1 1 1 1 1 0 
0 1 1 1 1 0 0 1 1 1 1 1 1 0 1 1 1 0 0 1 0 
1 1 1 1 1 0 0 0 1 1 1 0 1 1 1 1 1 0 1 1 1 
0 1 1 1 1 1 0 0 0 1 0 1 1 1 1 0 0 1 1 0 1 
1 1 0 0 0 1 1 0 0 1 0 1 1 1 1 1 1 1 1 1 0 
1 1 1 1 1 1 1 1 1 0 1 0 0 1 1 0 0 1 1 1 1 
1 0 0 1 1 1 1 0 0 1 0 1 1 1 0 0 0 1 0 1 1 
1 0 1 1 1 1 0 1 1 0 1 0 1 1 1 1 1 1 1 0 0 
0 0 1 1 1 1 1 1 1 0 1 1 0 1 1 1 1 1 1 0 0 
1 1 1 1 1 0 1 1 1 1 1 1 1 0 1 1 1 1 1 0 1 
0 1 1 0 1 1 1 1 1 1 0 1 1 1 0 1 1 0 1 1 0 
1 1 1 1 1 1 1 0 1 0 0 1 1 1 1 0 1 1 1 1 1 
1 0 1 1 1 1 1 0 1 0 0 1 1 1 1 1 0 1 0 1 1 
1 0 1 1 1 0 0 1 1 1 1 1 1 1 0 1 1 0 1 0 1 
1 1 1 1 1 0 1 1 1 1 0 1 1 1 1 1 0 1 0 1 1 
0 1 1 0 1 1 1 0 1 1 1 0 0 0 1 1 1 0 1 0 0 
0 1 1 1 0 0 1 1 0 1 1 0 0 1 0 1 1 1 1 0 0 

22,75
0 1 1 1 1 0 1 1 1 1 1 0 1 0 1 1 1 1 1 0 1 1 
1 0 1 0 0 1 0 0 1 1 0 0 1 1 1 1 1 1 1 0 1 0 
1 1 0 1 0 1 0 1 1 0 1 0 1 1 1 1 1 0 0 1 0 1 
1 0 1 0 1 1 1 1 1 1 1 0 1 1 0 0 1 1 0 1 1 1 
1 0 0 1 0 1 1 1 1 0 1 0 1 0 1 1 1 1 1 0 1 0 
0 1 1 1 1 0 1 1 1 0 0 1 1 1 1 1 1 0 1 1 1 0 
1 0 0 1 1 1 0 1 1 1 1 1 0 1 1 1 1 1 0 1 1 0 
1 0 1 1 1 1 1 0 1 0 1 1 1 1 1 1 1 1 1 1 1 1 
1 1 1 1 1 1 1 1 0 1 0 1 1 1 1 1 1 1 0 1 1 1 
1 1 0 1 0 0 1 0 1 0 0 1 1 1 1 1 0 1 1 1 1 1 
1 0 1 1 1 0 1 1 0 0 0 1 1 1 1 1 1 0 1 1 1 1 
0 0 0 0 0 1 1 1 1 1 1 0 1 1 1 1 1 1 1 1 1 0 
1 1 1 1 1 1 0 1 1 1 1 1 0 0 1 1 1 1 1 1 0 0 
0 1 1 1 0 1 1 1 1 1 1 1 0 0 1 1 1 1 0 1 1 1 
1 1 1 0 1 1 1 1 1 1 1 1 1 1 0 1 0 1 1 1 0 0 
1 1 1 0 1 1 1 1 1 1 1 1 1 1 1 0 1 1 1 1 1 0 
1 1 1 1 1 1 1 1 1 0 1 1 1 1 0 1 0 1 1 0 0 0 
1 1 0 1 1 0 1 1 1 1 0 1 1 1 1 1 1 0 1 1 1 1 
1 1 0 0 1 1 0 1 0 1 1 1 1 0 1 1 1 1 0 1 1 0 
0 0 1 1 0 1 1 1 1 1 1 1 1 1 1 1 0 1 1 0 0 0 
1 1 0 1 1 1 1 1 1 1 1 1 0 1 0 1 0 1 1 0 0 0 
1 0 1 1 0 0 0 1 1 1 1 0 0 1 0 0 0 1 0 0 0 0 

23,75
0 1 1 1 1 1 1 1 1 1 1 1 1 1 1 1 1 1 1 1 0 1 1 
1 0 1 1 1 0 0 1 1 1 1 1 0 1 1 0 0 1 1 1 1 1 1 
1 1 0 1 1 0 1 1 0 1 1 0 1 1 1 1 1 1 0 1 1 0 1 
1 1 1 0 1 1 0 1 1 1 1 1 0 0 1 1 1 1 1 1 1 1 1 
1 1 1 1 0 0 0 0 0 1 1 1 0 1 1 0 0 0 1 0 1 1 0 
1 0 0 1 0 0 1 1 0 1 1 1 1 1 1 1 0 1 0 1 1 1 1 
1 0 1 0 0 1 0 0 1 1 1 1 1 1 1 0 1 0 1 0 1 1 1 
1 1 1 1 0 1 0 0 1 1 1 0 1 1 1 1 1 1 1 1 0 1 0 
1 1 0 1 0 0 1 1 0 0 0 1 0 1 1 1 0 1 1 1 1 1 1 
1 1 1 1 1 1 1 1 0 0 0 0 1 0 1 1 1 1 1 0 1 1 0 
1 1 1 1 1 1 1 1 0 0 0 1 0 0 1 1 1 1 1 1 1 1 1 
1 1 0 1 1 1 1 0 1 0 1 0 1 1 1 1 0 1 1 1 1 0 1 
1 0 1 0 0 1 1 1 0 1 0 1 0 0 1 1 1 1 1 1 1 1 1 
1 1 1 0 1 1 1 1 1 0 0 1 0 0 0 1 0 0 1 1 1 1 1 
1 1 1 1 1 1 1 1 1 1 1 1 1 0 0 0 1 1 1 0 1 0 1 
1 0 1 1 0 1 0 1 1 1 1 1 1 1 0 0 1 0 1 1 1 0 1 
1 0 1 1 0 0 1 1 0 1 1 0 1 0 1 1 0 0 1 1 1 0 0 
1 1 1 1 0 1 0 1 1 1 1 1 1 0 1 0 0 0 1 1 1 1 1 
1 1 0 1 1 0 1 1 1 1 1 1 1 1 1 1 1 1 0 1 1 1 1 
1 1 1 1 0 1 0 1 1 0 1 1 1 1 0 1 1 1 1 0 0 1 0 
0 1 1 1 1 1 1 0 1 1 1 1 1 1 1 1 1 1 1 0 0 0 0 
1 1 0 1 1 1 1 1 1 1 1 0 1 1 0 0 0 1 1 1 0 0 1 
1 1 1 1 0 1 1 0 1 0 1 1 1 1 1 1 0 1 1 0 0 1 0 

24,75
0 1 1 1 1 0 1 1 1 1 1 0 1 1 1 1 1 1 1 1 1 1 1 1 
1 0 0 1 1 1 0 1 1 1 1 1 1 0 1 1 1 1 1 1 1 1 1 0 
1 0 0 1 1 1 1 1 1 0 1 1 1 0 1 1 1 1 1 1 1 0 1 1 
1 1 1 0 1 1 1 1 1 1 1 1 1 1 1 1 1 1 1 0 1 1 1 1 
1 1 1 1 0 1 1 1 1 0 0 1 1 0 1 1 0 1 1 1 1 1 1 1 
0 1 1 1 1 0 0 1 0 1 0 0 1 1 1 1 1 0 0 1 1 0 1 0 
1 0 1 1 1 0 0 1 1 1 0 1 1 1 0 1 1 0 1 0 0 0 1 1 
1 1 1 1 1 1 1 0 0 1 0 1 1 1 0 1 0 0 0 1 1 1 1 1 
1 1 1 1 1 0 1 0 0 0 1 1 1 1 1 1 1 1 1 1 0 1 0 1 
1 1 0 1 0 1 1 1 0 0 1 1 1 0 1 1 0 1 1 0 0 0 0 1 
1 1 1 1 0 0 0 0 1 1 0 0 1 1 1 1 0 1 1 1 0 1 0 0 
0 1 1 1 1 0 1 1 1 1 0 0 0 1 0 1 1 1 1 1 1 1 1 1 
1 1 1 1 1 1 1 1 1 1 1 0 0 1 1 1 1 1 1 1 1 1 0 1 
1 0 0 1 0 1 1 1 1 0 1 1 1 0 1 1 0 1 0 0 1 1 0 0 
1 1 1 1 1 1 0 0 1 1 1 0 1 1 0 1 1 0 1 1 0 1 0 1 
1 1 1 1 1 1 1 1 1 1 1 1 1 1 1 0 1 1 1 1 1 0 1 1 
1 1 1 1 0 1 1 0 1 0 0 1 1 0 1 1 0 1 1 0 0 0 1 1 
1 1 1 1 1 0 0 0 1 1 1 1 1 1 0 1 1 0 1 1 1 1 0 1 
1 1 1 1 1 0 1 0 1 1 1 1 1 0 1 1 1 1 0 1 0 1 0 1 
1 1 1 0 1 1 0 1 1 0 1 1 1 0 1 1 0 1 1 0 1 1 1 0 
1 1 1 1 1 1 0 1 0 0 0 1 1 1 0 1 0 1 0 1 0 1 0 1 
1 1 0 1 1 0 0 1 1 0 1 1 1 1 1 0 0 1 1 1 1 0 0 1 
1 1 1 1 1 1 1 1 0 0 0 1 0 0 0 1 1 0 0 1 0 0 0 1 
1 0 1 1 1 0 1 1 1 1 0 1 1 0 1 1 1 1 1 0 1 1 1 0 

25,75
0 1 1 1 0 1 1 1 1 1 1 1 1 0 1 1 1 1 1 1 1 1 1 1 1 
1 0 1 1 1 1 1 1 1 1 1 1 1 0 1 1 0 1 0 0 0 1 1 1 1 
1 1 0 1 0 0 0 1 1 1 0 1 0 1 1 1 1 1 1 0 0 1 0 0 1 
1 1 1 0 1 1 1 1 0 1 1 0 1 1 1 0 1 1 1 1 1 1 0 0 1 
0 1 0 1 0 0 1 1 0 1 1 1 1 1 1 1 0 1 0 0 1 1 1 1 1 
1 1 0 1 0 0 1 1 1 0 1 1 0 1 1 1 1 1 0 0 1 0 0 1 0 
1 1 0 1 1 1 0 1 1 0 1 0 0 1 1 0 1 1 1 1 1 1 0 1 1 
1 1 1 1 1 1 1 0 1 1 1 1 1 0 1 1 1 0 1 1 0 1 1 0 1 
1 1 1 0 0 1 1 1 0 0 1 1 1 0 1 1 1 1 1 1 0 1 1 1 0 
1 1 1 1 1 0 0 1 0 0 1 1 1 1 0 1 1 1 1 1 1 1 1 1 1 
1 1 0 1 1 1 1 1 1 1 0 0 1 1 1 1 1 1 1 0 1 0 1 0 1 
1 1 1 0 1 1 0 1 1 1 0 0 1 1 0 0 1 1 1 1 1 1 0 1 1 
1 1 0 1 1 0 0 1 1 1 1 1 0 1 1 1 0 1 1 1 0 0 1 1 1 
0 0 1 1 1 1 1 0 0 1 1 1 1 0 0 0 1 1 1 1 1 1 1 0 1 
1 1 1 1 1 1 1 1 1 0 1 0 1 0 0 1 1 1 1 1 1 1 1 1 1 
1 1 1 0 1 1 0 1 1 1 1 0 1 0 1 0 1 1 1 1 1 1 0 1 1 
1 0 1 1 0 1 1 1 1 1 1 1 0 1 1 1 0 0 1 0 1 1 0 0 1 
1 1 1 1 1 1 1 0 1 1 1 1 1 1 1 1 0 0 1 0 0 1 1 1 1 
1 0 1 1 0 0 1 1 1 1 1 1 1 1 1 1 1 1 0 1 1 1 0 1 0 
1 0 0 1 0 0 1 1 1 1 0 1 1 1 1 1 0 0 1 0 1 1 1 1 1 
1 0 0 1 1 1 1 0 0 1 1 1 0 1 1 1 1 0 1 1 0 1 1 1 0 
1 1 1 1 1 0 1 1 1 1 0 1 0 1 1 1 1 1 1 1 1 0 0 0 0 
1 1 0 0 1 0 0 1 1 1 1 0 1 1 1 0 0 1 0 1 1 0 0 0 0 
1 1 0 0 1 1 1 0 1 1 0 1 1 0 1 1 0 1 1 1 1 0 0 0 1 
1 1 1 1 1 0 1 1 0 1 1 1 1 1 1 1 1 1 0 1 0 0 0 1 0 

2,100
0 1 
1 0 

3,100
0 1 1 
1 0 1 
1 1 0 

4,100
0 1 1 1 
1 0 1 1 
1 1 0 1 
1 1 1 0 

5,100
0 1 1 1 1 
1 0 1 1 1 
1 1 0 1 1 
1 1 1 0 1 
1 1 1 1 0 

6,100
0 1 1 1 1 1 
1 0 1 1 1 1 
1 1 0 1 1 1 
1 1 1 0 1 1 
1 1 1 1 0 1 
1 1 1 1 1 0 

7,100
0 1 1 1 1 1 1 
1 0 1 1 1 1 1 
1 1 0 1 1 1 1 
1 1 1 0 1 1 1 
1 1 1 1 0 1 1 
1 1 1 1 1 0 1 
1 1 1 1 1 1 0 

8,100
0 1 1 1 1 1 1 1 
1 0 1 1 1 1 1 1 
1 1 0 1 1 1 1 1 
1 1 1 0 1 1 1 1 
1 1 1 1 0 1 1 1 
1 1 1 1 1 0 1 1 
1 1 1 1 1 1 0 1 
1 1 1 1 1 1 1 0 

9,100
0 1 1 1 1 1 1 1 1 
1 0 1 1 1 1 1 1 1 
1 1 0 1 1 1 1 1 1 
1 1 1 0 1 1 1 1 1 
1 1 1 1 0 1 1 1 1 
1 1 1 1 1 0 1 1 1 
1 1 1 1 1 1 0 1 1 
1 1 1 1 1 1 1 0 1 
1 1 1 1 1 1 1 1 0 

10,100
0 1 1 1 1 1 1 1 1 1 
1 0 1 1 1 1 1 1 1 1 
1 1 0 1 1 1 1 1 1 1 
1 1 1 0 1 1 1 1 1 1 
1 1 1 1 0 1 1 1 1 1 
1 1 1 1 1 0 1 1 1 1 
1 1 1 1 1 1 0 1 1 1 
1 1 1 1 1 1 1 0 1 1 
1 1 1 1 1 1 1 1 0 1 
1 1 1 1 1 1 1 1 1 0 

11,100
0 1 1 1 1 1 1 1 1 1 1 
1 0 1 1 1 1 1 1 1 1 1 
1 1 0 1 1 1 1 1 1 1 1 
1 1 1 0 1 1 1 1 1 1 1 
1 1 1 1 0 1 1 1 1 1 1 
1 1 1 1 1 0 1 1 1 1 1 
1 1 1 1 1 1 0 1 1 1 1 
1 1 1 1 1 1 1 0 1 1 1 
1 1 1 1 1 1 1 1 0 1 1 
1 1 1 1 1 1 1 1 1 0 1 
1 1 1 1 1 1 1 1 1 1 0 

12,100
0 1 1 1 1 1 1 1 1 1 1 1 
1 0 1 1 1 1 1 1 1 1 1 1 
1 1 0 1 1 1 1 1 1 1 1 1 
1 1 1 0 1 1 1 1 1 1 1 1 
1 1 1 1 0 1 1 1 1 1 1 1 
1 1 1 1 1 0 1 1 1 1 1 1 
1 1 1 1 1 1 0 1 1 1 1 1 
1 1 1 1 1 1 1 0 1 1 1 1 
1 1 1 1 1 1 1 1 0 1 1 1 
1 1 1 1 1 1 1 1 1 0 1 1 
1 1 1 1 1 1 1 1 1 1 0 1 
1 1 1 1 1 1 1 1 1 1 1 0 

13,100
0 1 1 1 1 1 1 1 1 1 1 1 1 
1 0 1 1 1 1 1 1 1 1 1 1 1 
1 1 0 1 1 1 1 1 1 1 1 1 1 
1 1 1 0 1 1 1 1 1 1 1 1 1 
1 1 1 1 0 1 1 1 1 1 1 1 1 
1 1 1 1 1 0 1 1 1 1 1 1 1 
1 1 1 1 1 1 0 1 1 1 1 1 1 
1 1 1 1 1 1 1 0 1 1 1 1 1 
1 1 1 1 1 1 1 1 0 1 1 1 1 
1 1 1 1 1 1 1 1 1 0 1 1 1 
1 1 1 1 1 1 1 1 1 1 0 1 1 
1 1 1 1 1 1 1 1 1 1 1 0 1 
1 1 1 1 1 1 1 1 1 1 1 1 0 

14,100
0 1 1 1 1 1 1 1 1 1 1 1 1 1 
1 0 1 1 1 1 1 1 1 1 1 1 1 1 
1 1 0 1 1 1 1 1 1 1 1 1 1 1 
1 1 1 0 1 1 1 1 1 1 1 1 1 1 
1 1 1 1 0 1 1 1 1 1 1 1 1 1 
1 1 1 1 1 0 1 1 1 1 1 1 1 1 
1 1 1 1 1 1 0 1 1 1 1 1 1 1 
1 1 1 1 1 1 1 0 1 1 1 1 1 1 
1 1 1 1 1 1 1 1 0 1 1 1 1 1 
1 1 1 1 1 1 1 1 1 0 1 1 1 1 
1 1 1 1 1 1 1 1 1 1 0 1 1 1 
1 1 1 1 1 1 1 1 1 1 1 0 1 1 
1 1 1 1 1 1 1 1 1 1 1 1 0 1 
1 1 1 1 1 1 1 1 1 1 1 1 1 0 

15,100
0 1 1 1 1 1 1 1 1 1 1 1 1 1 1 
1 0 1 1 1 1 1 1 1 1 1 1 1 1 1 
1 1 0 1 1 1 1 1 1 1 1 1 1 1 1 
1 1 1 0 1 1 1 1 1 1 1 1 1 1 1 
1 1 1 1 0 1 1 1 1 1 1 1 1 1 1 
1 1 1 1 1 0 1 1 1 1 1 1 1 1 1 
1 1 1 1 1 1 0 1 1 1 1 1 1 1 1 
1 1 1 1 1 1 1 0 1 1 1 1 1 1 1 
1 1 1 1 1 1 1 1 0 1 1 1 1 1 1 
1 1 1 1 1 1 1 1 1 0 1 1 1 1 1 
1 1 1 1 1 1 1 1 1 1 0 1 1 1 1 
1 1 1 1 1 1 1 1 1 1 1 0 1 1 1 
1 1 1 1 1 1 1 1 1 1 1 1 0 1 1 
1 1 1 1 1 1 1 1 1 1 1 1 1 0 1 
1 1 1 1 1 1 1 1 1 1 1 1 1 1 0 

16,100
0 1 1 1 1 1 1 1 1 1 1 1 1 1 1 1 
1 0 1 1 1 1 1 1 1 1 1 1 1 1 1 1 
1 1 0 1 1 1 1 1 1 1 1 1 1 1 1 1 
1 1 1 0 1 1 1 1 1 1 1 1 1 1 1 1 
1 1 1 1 0 1 1 1 1 1 1 1 1 1 1 1 
1 1 1 1 1 0 1 1 1 1 1 1 1 1 1 1 
1 1 1 1 1 1 0 1 1 1 1 1 1 1 1 1 
1 1 1 1 1 1 1 0 1 1 1 1 1 1 1 1 
1 1 1 1 1 1 1 1 0 1 1 1 1 1 1 1 
1 1 1 1 1 1 1 1 1 0 1 1 1 1 1 1 
1 1 1 1 1 1 1 1 1 1 0 1 1 1 1 1 
1 1 1 1 1 1 1 1 1 1 1 0 1 1 1 1 
1 1 1 1 1 1 1 1 1 1 1 1 0 1 1 1 
1 1 1 1 1 1 1 1 1 1 1 1 1 0 1 1 
1 1 1 1 1 1 1 1 1 1 1 1 1 1 0 1 
1 1 1 1 1 1 1 1 1 1 1 1 1 1 1 0 

17,100
0 1 1 1 1 1 1 1 1 1 1 1 1 1 1 1 1 
1 0 1 1 1 1 1 1 1 1 1 1 1 1 1 1 1 
1 1 0 1 1 1 1 1 1 1 1 1 1 1 1 1 1 
1 1 1 0 1 1 1 1 1 1 1 1 1 1 1 1 1 
1 1 1 1 0 1 1 1 1 1 1 1 1 1 1 1 1 
1 1 1 1 1 0 1 1 1 1 1 1 1 1 1 1 1 
1 1 1 1 1 1 0 1 1 1 1 1 1 1 1 1 1 
1 1 1 1 1 1 1 0 1 1 1 1 1 1 1 1 1 
1 1 1 1 1 1 1 1 0 1 1 1 1 1 1 1 1 
1 1 1 1 1 1 1 1 1 0 1 1 1 1 1 1 1 
1 1 1 1 1 1 1 1 1 1 0 1 1 1 1 1 1 
1 1 1 1 1 1 1 1 1 1 1 0 1 1 1 1 1 
1 1 1 1 1 1 1 1 1 1 1 1 0 1 1 1 1 
1 1 1 1 1 1 1 1 1 1 1 1 1 0 1 1 1 
1 1 1 1 1 1 1 1 1 1 1 1 1 1 0 1 1 
1 1 1 1 1 1 1 1 1 1 1 1 1 1 1 0 1 
1 1 1 1 1 1 1 1 1 1 1 1 1 1 1 1 0 

18,100
0 1 1 1 1 1 1 1 1 1 1 1 1 1 1 1 1 1 
1 0 1 1 1 1 1 1 1 1 1 1 1 1 1 1 1 1 
1 1 0 1 1 1 1 1 1 1 1 1 1 1 1 1 1 1 
1 1 1 0 1 1 1 1 1 1 1 1 1 1 1 1 1 1 
1 1 1 1 0 1 1 1 1 1 1 1 1 1 1 1 1 1 
1 1 1 1 1 0 1 1 1 1 1 1 1 1 1 1 1 1 
1 1 1 1 1 1 0 1 1 1 1 1 1 1 1 1 1 1 
1 1 1 1 1 1 1 0 1 1 1 1 1 1 1 1 1 1 
1 1 1 1 1 1 1 1 0 1 1 1 1 1 1 1 1 1 
1 1 1 1 1 1 1 1 1 0 1 1 1 1 1 1 1 1 
1 1 1 1 1 1 1 1 1 1 0 1 1 1 1 1 1 1 
1 1 1 1 1 1 1 1 1 1 1 0 1 1 1 1 1 1 
1 1 1 1 1 1 1 1 1 1 1 1 0 1 1 1 1 1 
1 1 1 1 1 1 1 1 1 1 1 1 1 0 1 1 1 1 
1 1 1 1 1 1 1 1 1 1 1 1 1 1 0 1 1 1 
1 1 1 1 1 1 1 1 1 1 1 1 1 1 1 0 1 1 
1 1 1 1 1 1 1 1 1 1 1 1 1 1 1 1 0 1 
1 1 1 1 1 1 1 1 1 1 1 1 1 1 1 1 1 0 

19,100
0 1 1 1 1 1 1 1 1 1 1 1 1 1 1 1 1 1 1 
1 0 1 1 1 1 1 1 1 1 1 1 1 1 1 1 1 1 1 
1 1 0 1 1 1 1 1 1 1 1 1 1 1 1 1 1 1 1 
1 1 1 0 1 1 1 1 1 1 1 1 1 1 1 1 1 1 1 
1 1 1 1 0 1 1 1 1 1 1 1 1 1 1 1 1 1 1 
1 1 1 1 1 0 1 1 1 1 1 1 1 1 1 1 1 1 1 
1 1 1 1 1 1 0 1 1 1 1 1 1 1 1 1 1 1 1 
1 1 1 1 1 1 1 0 1 1 1 1 1 1 1 1 1 1 1 
1 1 1 1 1 1 1 1 0 1 1 1 1 1 1 1 1 1 1 
1 1 1 1 1 1 1 1 1 0 1 1 1 1 1 1 1 1 1 
1 1 1 1 1 1 1 1 1 1 0 1 1 1 1 1 1 1 1 
1 1 1 1 1 1 1 1 1 1 1 0 1 1 1 1 1 1 1 
1 1 1 1 1 1 1 1 1 1 1 1 0 1 1 1 1 1 1 
1 1 1 1 1 1 1 1 1 1 1 1 1 0 1 1 1 1 1 
1 1 1 1 1 1 1 1 1 1 1 1 1 1 0 1 1 1 1 
1 1 1 1 1 1 1 1 1 1 1 1 1 1 1 0 1 1 1 
1 1 1 1 1 1 1 1 1 1 1 1 1 1 1 1 0 1 1 
1 1 1 1 1 1 1 1 1 1 1 1 1 1 1 1 1 0 1 
1 1 1 1 1 1 1 1 1 1 1 1 1 1 1 1 1 1 0 

20,100
0 1 1 1 1 1 1 1 1 1 1 1 1 1 1 1 1 1 1 1 
1 0 1 1 1 1 1 1 1 1 1 1 1 1 1 1 1 1 1 1 
1 1 0 1 1 1 1 1 1 1 1 1 1 1 1 1 1 1 1 1 
1 1 1 0 1 1 1 1 1 1 1 1 1 1 1 1 1 1 1 1 
1 1 1 1 0 1 1 1 1 1 1 1 1 1 1 1 1 1 1 1 
1 1 1 1 1 0 1 1 1 1 1 1 1 1 1 1 1 1 1 1 
1 1 1 1 1 1 0 1 1 1 1 1 1 1 1 1 1 1 1 1 
1 1 1 1 1 1 1 0 1 1 1 1 1 1 1 1 1 1 1 1 
1 1 1 1 1 1 1 1 0 1 1 1 1 1 1 1 1 1 1 1 
1 1 1 1 1 1 1 1 1 0 1 1 1 1 1 1 1 1 1 1 
1 1 1 1 1 1 1 1 1 1 0 1 1 1 1 1 1 1 1 1 
1 1 1 1 1 1 1 1 1 1 1 0 1 1 1 1 1 1 1 1 
1 1 1 1 1 1 1 1 1 1 1 1 0 1 1 1 1 1 1 1 
1 1 1 1 1 1 1 1 1 1 1 1 1 0 1 1 1 1 1 1 
1 1 1 1 1 1 1 1 1 1 1 1 1 1 0 1 1 1 1 1 
1 1 1 1 1 1 1 1 1 1 1 1 1 1 1 0 1 1 1 1 
1 1 1 1 1 1 1 1 1 1 1 1 1 1 1 1 0 1 1 1 
1 1 1 1 1 1 1 1 1 1 1 1 1 1 1 1 1 0 1 1 
1 1 1 1 1 1 1 1 1 1 1 1 1 1 1 1 1 1 0 1 
1 1 1 1 1 1 1 1 1 1 1 1 1 1 1 1 1 1 1 0 

21,100
0 1 1 1 1 1 1 1 1 1 1 1 1 1 1 1 1 1 1 1 1 
1 0 1 1 1 1 1 1 1 1 1 1 1 1 1 1 1 1 1 1 1 
1 1 0 1 1 1 1 1 1 1 1 1 1 1 1 1 1 1 1 1 1 
1 1 1 0 1 1 1 1 1 1 1 1 1 1 1 1 1 1 1 1 1 
1 1 1 1 0 1 1 1 1 1 1 1 1 1 1 1 1 1 1 1 1 
1 1 1 1 1 0 1 1 1 1 1 1 1 1 1 1 1 1 1 1 1 
1 1 1 1 1 1 0 1 1 1 1 1 1 1 1 1 1 1 1 1 1 
1 1 1 1 1 1 1 0 1 1 1 1 1 1 1 1 1 1 1 1 1 
1 1 1 1 1 1 1 1 0 1 1 1 1 1 1 1 1 1 1 1 1 
1 1 1 1 1 1 1 1 1 0 1 1 1 1 1 1 1 1 1 1 1 
1 1 1 1 1 1 1 1 1 1 0 1 1 1 1 1 1 1 1 1 1 
1 1 1 1 1 1 1 1 1 1 1 0 1 1 1 1 1 1 1 1 1 
1 1 1 1 1 1 1 1 1 1 1 1 0 1 1 1 1 1 1 1 1 
1 1 1 1 1 1 1 1 1 1 1 1 1 0 1 1 1 1 1 1 1 
1 1 1 1 1 1 1 1 1 1 1 1 1 1 0 1 1 1 1 1 1 
1 1 1 1 1 1 1 1 1 1 1 1 1 1 1 0 1 1 1 1 1 
1 1 1 1 1 1 1 1 1 1 1 1 1 1 1 1 0 1 1 1 1 
1 1 1 1 1 1 1 1 1 1 1 1 1 1 1 1 1 0 1 1 1 
1 1 1 1 1 1 1 1 1 1 1 1 1 1 1 1 1 1 0 1 1 
1 1 1 1 1 1 1 1 1 1 1 1 1 1 1 1 1 1 1 0 1 
1 1 1 1 1 1 1 1 1 1 1 1 1 1 1 1 1 1 1 1 0 

22,100
0 1 1 1 1 1 1 1 1 1 1 1 1 1 1 1 1 1 1 1 1 1 
1 0 1 1 1 1 1 1 1 1 1 1 1 1 1 1 1 1 1 1 1 1 
1 1 0 1 1 1 1 1 1 1 1 1 1 1 1 1 1 1 1 1 1 1 
1 1 1 0 1 1 1 1 1 1 1 1 1 1 1 1 1 1 1 1 1 1 
1 1 1 1 0 1 1 1 1 1 1 1 1 1 1 1 1 1 1 1 1 1 
1 1 1 1 1 0 1 1 1 1 1 1 1 1 1 1 1 1 1 1 1 1 
1 1 1 1 1 1 0 1 1 1 1 1 1 1 1 1 1 1 1 1 1 1 
1 1 1 1 1 1 1 0 1 1 1 1 1 1 1 1 1 1 1 1 1 1 
1 1 1 1 1 1 1 1 0 1 1 1 1 1 1 1 1 1 1 1 1 1 
1 1 1 1 1 1 1 1 1 0 1 1 1 1 1 1 1 1 1 1 1 1 
1 1 1 1 1 1 1 1 1 1 0 1 1 1 1 1 1 1 1 1 1 1 
1 1 1 1 1 1 1 1 1 1 1 0 1 1 1 1 1 1 1 1 1 1 
1 1 1 1 1 1 1 1 1 1 1 1 0 1 1 1 1 1 1 1 1 1 
1 1 1 1 1 1 1 1 1 1 1 1 1 0 1 1 1 1 1 1 1 1 
1 1 1 1 1 1 1 1 1 1 1 1 1 1 0 1 1 1 1 1 1 1 
1 1 1 1 1 1 1 1 1 1 1 1 1 1 1 0 1 1 1 1 1 1 
1 1 1 1 1 1 1 1 1 1 1 1 1 1 1 1 0 1 1 1 1 1 
1 1 1 1 1 1 1 1 1 1 1 1 1 1 1 1 1 0 1 1 1 1 
1 1 1 1 1 1 1 1 1 1 1 1 1 1 1 1 1 1 0 1 1 1 
1 1 1 1 1 1 1 1 1 1 1 1 1 1 1 1 1 1 1 0 1 1 
1 1 1 1 1 1 1 1 1 1 1 1 1 1 1 1 1 1 1 1 0 1 
1 1 1 1 1 1 1 1 1 1 1 1 1 1 1 1 1 1 1 1 1 0 

23,100
0 1 1 1 1 1 1 1 1 1 1 1 1 1 1 1 1 1 1 1 1 1 1 
1 0 1 1 1 1 1 1 1 1 1 1 1 1 1 1 1 1 1 1 1 1 1 
1 1 0 1 1 1 1 1 1 1 1 1 1 1 1 1 1 1 1 1 1 1 1 
1 1 1 0 1 1 1 1 1 1 1 1 1 1 1 1 1 1 1 1 1 1 1 
1 1 1 1 0 1 1 1 1 1 1 1 1 1 1 1 1 1 1 1 1 1 1 
1 1 1 1 1 0 1 1 1 1 1 1 1 1 1 1 1 1 1 1 1 1 1 
1 1 1 1 1 1 0 1 1 1 1 1 1 1 1 1 1 1 1 1 1 1 1 
1 1 1 1 1 1 1 0 1 1 1 1 1 1 1 1 1 1 1 1 1 1 1 
1 1 1 1 1 1 1 1 0 1 1 1 1 1 1 1 1 1 1 1 1 1 1 
1 1 1 1 1 1 1 1 1 0 1 1 1 1 1 1 1 1 1 1 1 1 1 
1 1 1 1 1 1 1 1 1 1 0 1 1 1 1 1 1 1 1 1 1 1 1 
1 1 1 1 1 1 1 1 1 1 1 0 1 1 1 1 1 1 1 1 1 1 1 
1 1 1 1 1 1 1 1 1 1 1 1 0 1 1 1 1 1 1 1 1 1 1 
1 1 1 1 1 1 1 1 1 1 1 1 1 0 1 1 1 1 1 1 1 1 1 
1 1 1 1 1 1 1 1 1 1 1 1 1 1 0 1 1 1 1 1 1 1 1 
1 1 1 1 1 1 1 1 1 1 1 1 1 1 1 0 1 1 1 1 1 1 1 
1 1 1 1 1 1 1 1 1 1 1 1 1 1 1 1 0 1 1 1 1 1 1 
1 1 1 1 1 1 1 1 1 1 1 1 1 1 1 1 1 0 1 1 1 1 1 
1 1 1 1 1 1 1 1 1 1 1 1 1 1 1 1 1 1 0 1 1 1 1 
1 1 1 1 1 1 1 1 1 1 1 1 1 1 1 1 1 1 1 0 1 1 1 
1 1 1 1 1 1 1 1 1 1 1 1 1 1 1 1 1 1 1 1 0 1 1 
1 1 1 1 1 1 1 1 1 1 1 1 1 1 1 1 1 1 1 1 1 0 1 
1 1 1 1 1 1 1 1 1 1 1 1 1 1 1 1 1 1 1 1 1 1 0 

24,100
0 1 1 1 1 1 1 1 1 1 1 1 1 1 1 1 1 1 1 1 1 1 1 1 
1 0 1 1 1 1 1 1 1 1 1 1 1 1 1 1 1 1 1 1 1 1 1 1 
1 1 0 1 1 1 1 1 1 1 1 1 1 1 1 1 1 1 1 1 1 1 1 1 
1 1 1 0 1 1 1 1 1 1 1 1 1 1 1 1 1 1 1 1 1 1 1 1 
1 1 1 1 0 1 1 1 1 1 1 1 1 1 1 1 1 1 1 1 1 1 1 1 
1 1 1 1 1 0 1 1 1 1 1 1 1 1 1 1 1 1 1 1 1 1 1 1 
1 1 1 1 1 1 0 1 1 1 1 1 1 1 1 1 1 1 1 1 1 1 1 1 
1 1 1 1 1 1 1 0 1 1 1 1 1 1 1 1 1 1 1 1 1 1 1 1 
1 1 1 1 1 1 1 1 0 1 1 1 1 1 1 1 1 1 1 1 1 1 1 1 
1 1 1 1 1 1 1 1 1 0 1 1 1 1 1 1 1 1 1 1 1 1 1 1 
1 1 1 1 1 1 1 1 1 1 0 1 1 1 1 1 1 1 1 1 1 1 1 1 
1 1 1 1 1 1 1 1 1 1 1 0 1 1 1 1 1 1 1 1 1 1 1 1 
1 1 1 1 1 1 1 1 1 1 1 1 0 1 1 1 1 1 1 1 1 1 1 1 
1 1 1 1 1 1 1 1 1 1 1 1 1 0 1 1 1 1 1 1 1 1 1 1 
1 1 1 1 1 1 1 1 1 1 1 1 1 1 0 1 1 1 1 1 1 1 1 1 
1 1 1 1 1 1 1 1 1 1 1 1 1 1 1 0 1 1 1 1 1 1 1 1 
1 1 1 1 1 1 1 1 1 1 1 1 1 1 1 1 0 1 1 1 1 1 1 1 
1 1 1 1 1 1 1 1 1 1 1 1 1 1 1 1 1 0 1 1 1 1 1 1 
1 1 1 1 1 1 1 1 1 1 1 1 1 1 1 1 1 1 0 1 1 1 1 1 
1 1 1 1 1 1 1 1 1 1 1 1 1 1 1 1 1 1 1 0 1 1 1 1 
1 1 1 1 1 1 1 1 1 1 1 1 1 1 1 1 1 1 1 1 0 1 1 1 
1 1 1 1 1 1 1 1 1 1 1 1 1 1 1 1 1 1 1 1 1 0 1 1 
1 1 1 1 1 1 1 1 1 1 1 1 1 1 1 1 1 1 1 1 1 1 0 1 
1 1 1 1 1 1 1 1 1 1 1 1 1 1 1 1 1 1 1 1 1 1 1 0 

25,100
0 1 1 1 1 1 1 1 1 1 1 1 1 1 1 1 1 1 1 1 1 1 1 1 1 
1 0 1 1 1 1 1 1 1 1 1 1 1 1 1 1 1 1 1 1 1 1 1 1 1 
1 1 0 1 1 1 1 1 1 1 1 1 1 1 1 1 1 1 1 1 1 1 1 1 1 
1 1 1 0 1 1 1 1 1 1 1 1 1 1 1 1 1 1 1 1 1 1 1 1 1 
1 1 1 1 0 1 1 1 1 1 1 1 1 1 1 1 1 1 1 1 1 1 1 1 1 
1 1 1 1 1 0 1 1 1 1 1 1 1 1 1 1 1 1 1 1 1 1 1 1 1 
1 1 1 1 1 1 0 1 1 1 1 1 1 1 1 1 1 1 1 1 1 1 1 1 1 
1 1 1 1 1 1 1 0 1 1 1 1 1 1 1 1 1 1 1 1 1 1 1 1 1 
1 1 1 1 1 1 1 1 0 1 1 1 1 1 1 1 1 1 1 1 1 1 1 1 1 
1 1 1 1 1 1 1 1 1 0 1 1 1 1 1 1 1 1 1 1 1 1 1 1 1 
1 1 1 1 1 1 1 1 1 1 0 1 1 1 1 1 1 1 1 1 1 1 1 1 1 
1 1 1 1 1 1 1 1 1 1 1 0 1 1 1 1 1 1 1 1 1 1 1 1 1 
1 1 1 1 1 1 1 1 1 1 1 1 0 1 1 1 1 1 1 1 1 1 1 1 1 
1 1 1 1 1 1 1 1 1 1 1 1 1 0 1 1 1 1 1 1 1 1 1 1 1 
1 1 1 1 1 1 1 1 1 1 1 1 1 1 0 1 1 1 1 1 1 1 1 1 1 
1 1 1 1 1 1 1 1 1 1 1 1 1 1 1 0 1 1 1 1 1 1 1 1 1 
1 1 1 1 1 1 1 1 1 1 1 1 1 1 1 1 0 1 1 1 1 1 1 1 1 
1 1 1 1 1 1 1 1 1 1 1 1 1 1 1 1 1 0 1 1 1 1 1 1 1 
1 1 1 1 1 1 1 1 1 1 1 1 1 1 1 1 1 1 0 1 1 1 1 1 1 
1 1 1 1 1 1 1 1 1 1 1 1 1 1 1 1 1 1 1 0 1 1 1 1 1 
1 1 1 1 1 1 1 1 1 1 1 1 1 1 1 1 1 1 1 1 0 1 1 1 1 
1 1 1 1 1 1 1 1 1 1 1 1 1 1 1 1 1 1 1 1 1 0 1 1 1 
1 1 1 1 1 1 1 1 1 1 1 1 1 1 1 1 1 1 1 1 1 1 0 1 1 
1 1 1 1 1 1 1 1 1 1 1 1 1 1 1 1 1 1 1 1 1 1 1 0 1 
1 1 1 1 1 1 1 1 1 1 1 1 1 1 1 1 1 1 1 1 1 1 1 1 0 

